   4.8102459e+01
   4.8102459e+01
   5.4774466e+01
   5.4774466e+01
   5.2130432e+01
   5.2130432e+01
   5.8129873e+01
   5.8129873e+01
   5.8284657e+01
   5.8284657e+01
   5.6734208e+01
   4.9446227e+01
   5.7474241e+01
   5.7474241e+01
   4.6972834e+01
   4.6972834e+01
   5.8295195e+01
   5.8295195e+01
   5.8927521e+01
   5.8927521e+01
   5.3443661e+01
   5.3443661e+01
   5.7406742e+01
   5.7406742e+01
   5.2033502e+01
   5.2033502e+01
   6.0805513e+01
   6.0805513e+01
   5.9198798e+01
   5.9198798e+01
   6.1080744e+01
   4.7989656e+01
   5.1621881e+01
   5.1621881e+01
   5.0673746e+01
   5.0673746e+01
   4.7912045e+01
   4.7912045e+01
   5.5626448e+01
   5.5626448e+01
   5.3655402e+01
   6.2741526e+01
   6.0124703e+01
   6.0124703e+01
   6.3794375e+01
   6.3794375e+01
   5.9920940e+01
   5.9920940e+01
   5.9034380e+01
   6.5983615e+01
   6.3848427e+01
   5.1578972e+01
   4.7197394e+01
   4.7197394e+01
   6.0689707e+01
   6.0689707e+01
   5.9061962e+01
   5.9061962e+01
   5.9279715e+01
   4.8372997e+01
   5.6766143e+01
   4.8715732e+01
   4.9085250e+01
   4.9085250e+01
   5.4274152e+01
   6.2279104e+01
   6.4487516e+01
   5.5508404e+01
   4.5855471e+01
   4.5855471e+01
   4.8003412e+01
   5.3992914e+01
   4.6522677e+01
   4.6522677e+01
   4.8839711e+01
   6.1891069e+01
   6.2723777e+01
   5.0897137e+01
   6.0083779e+01
   6.0083779e+01
   6.4771324e+01
   6.4771324e+01
   6.1262471e+01
   6.1262471e+01
   4.7236127e+01
   4.7236127e+01
   5.9656263e+01
   5.9656263e+01
   6.5574128e+01
   5.7638785e+01
   5.4765544e+01
   6.0994224e+01
   6.4076579e+01
   6.4076579e+01
   5.3798031e+01
   5.3798031e+01
   6.0744342e+01
   6.0744342e+01
   6.5319043e+01
   6.5319043e+01
   5.6047313e+01
   5.6047313e+01
   5.9845507e+01
   5.9845507e+01
   6.1404345e+01
   4.8888405e+01
   4.7756956e+01
   5.5675515e+01
   5.7793295e+01
   5.7793295e+01
   6.1681994e+01
   6.1681994e+01
   5.5557754e+01
   4.9178589e+01
   4.6306274e+01
   4.6306274e+01
   5.6225484e+01
   4.8754792e+01
   4.4788472e+01
   4.4788472e+01
   4.6604035e+01
   4.6604035e+01
   5.7301420e+01
   6.4970380e+01
   6.1924876e+01
   4.6106351e+01
   5.1145732e+01
   5.6988001e+01
   5.7946429e+01
   4.8031088e+01
   4.6713273e+01
   5.4816563e+01
   6.2614627e+01
   5.4372450e+01
   4.7555922e+01
   5.3220665e+01
   5.8797297e+01
   5.8797297e+01
   4.6975884e+01
   4.6975884e+01
   4.3921164e+01
   5.0560273e+01
   6.0214791e+01
   6.0214791e+01
   6.1794931e+01
   5.5298591e+01
   6.0419800e+01
   6.0419800e+01
   4.9371790e+01
   6.3153955e+01
   4.8883517e+01
   4.8883517e+01
   5.6421254e+01
   4.9534548e+01
   6.1548336e+01
   6.7453704e+01
   6.5289367e+01
   5.2059049e+01
   4.9427675e+01
   5.4965057e+01
   6.7252891e+01
   6.1357522e+01
   4.8955475e+01
   4.8955475e+01
   6.1504050e+01
   5.5907469e+01
   5.8706940e+01
   5.1075477e+01
   4.6480792e+01
   5.8998443e+01
   6.1710962e+01
   6.1710962e+01
   6.6055202e+01
   6.6055202e+01
   5.8540735e+01
   6.4347309e+01
   5.8742977e+01
   5.8742977e+01
   6.0400294e+01
   6.0400294e+01
   4.7414405e+01
   4.7414405e+01
   5.6423915e+01
   5.6423915e+01
   5.1359919e+01
   5.1359919e+01
   5.5353243e+01
   5.5353243e+01
   6.1468457e+01
   6.1468457e+01
   6.1828309e+01
   5.3102468e+01
   5.7042318e+01
   4.5878605e+01
   4.7409437e+01
   6.1494618e+01
   6.0120825e+01
   6.0120825e+01
   5.6710942e+01
   4.8376854e+01
   6.4453912e+01
   6.4453912e+01
   4.8241854e+01
   6.2210915e+01
   6.1231322e+01
   6.1231322e+01
   6.4186974e+01
   6.4186974e+01
   7.0131010e+01
   7.0131010e+01
   6.3504875e+01
   6.3504875e+01
   5.8216485e+01
   5.8216485e+01
   6.0657314e+01
   6.0657314e+01
   5.4265550e+01
   6.2840509e+01
   7.0212974e+01
   5.8744527e+01
   5.8317108e+01
   5.8317108e+01
   6.5099465e+01
   6.5099465e+01
   6.0845473e+01
   4.9458130e+01
   6.2342058e+01
   6.2342058e+01
   6.2454466e+01
   6.2454466e+01
   5.2808437e+01
   5.9542625e+01
   6.8682750e+01
   6.0869042e+01
   4.9115566e+01
   4.9115566e+01
   6.0386348e+01
   4.9289376e+01
   5.4594621e+01
   5.4594621e+01
   6.0393866e+01
   6.0393866e+01
   6.2908808e+01
   6.2908808e+01
   5.0401548e+01
   5.9139205e+01
   4.9951061e+01
   4.9951061e+01
   6.2700645e+01
   6.2700645e+01
   6.0744839e+01
   6.0744839e+01
   7.0544413e+01
   5.9915225e+01
   6.3822791e+01
   6.3822791e+01
   6.0046203e+01
   6.0046203e+01
   6.1957583e+01
   6.1957583e+01
   5.7953796e+01
   5.7953796e+01
   6.1824739e+01
   6.1824739e+01
   5.8305169e+01
   5.8305169e+01
   5.3287797e+01
   5.3287797e+01
   6.1726517e+01
   6.1726517e+01
   6.6150992e+01
   6.6150992e+01
   6.6799616e+01
   6.6799616e+01
   6.7296082e+01
   6.7296082e+01
   4.7494882e+01
   4.7494882e+01
   4.7535700e+01
   5.6777852e+01
   6.6271082e+01
   6.6271082e+01
   6.7184978e+01
   6.7184978e+01
   6.7432862e+01
   6.7432862e+01
   6.3544826e+01
   6.3544826e+01
   6.3789567e+01
   6.3789567e+01
   6.6017892e+01
   6.6017892e+01
   6.1260798e+01
   6.1260798e+01
   5.5793159e+01
   5.5793159e+01
   5.8924380e+01
   4.5740771e+01
   4.9769504e+01
   4.9769504e+01
   5.6457978e+01
   5.6457978e+01
   5.8834208e+01
   5.8834208e+01
   4.9446227e+01
   5.6123810e+01
   6.5184073e+01
   6.5184073e+01
   6.1763464e+01
   6.1763464e+01
   6.4318569e+01
   5.5857510e+01
   6.2982772e+01
   7.1288291e+01
   6.4851923e+01
   6.4851923e+01
   6.8101975e+01
   6.8101975e+01
   6.1522314e+01
   6.1522314e+01
   6.2400911e+01
   6.2400911e+01
   5.6119795e+01
   4.7672495e+01
   5.6561964e+01
   5.6561964e+01
   6.0046179e+01
   6.0046179e+01
   5.2667927e+01
   6.1970642e+01
   6.5323217e+01
   5.8771116e+01
   6.1473236e+01
   6.7454958e+01
   6.0411144e+01
   6.0411144e+01
   5.8763758e+01
   5.1794241e+01
   5.7312217e+01
   5.7312217e+01
   5.9800051e+01
   5.9800051e+01
   5.8171245e+01
   5.1885753e+01
   4.9693793e+01
   5.5843332e+01
   6.2882036e+01
   5.6406436e+01
   5.7207189e+01
   5.7207189e+01
   6.5354832e+01
   5.7609204e+01
   6.2922053e+01
   6.2922053e+01
   5.2965675e+01
   6.1526961e+01
   5.8399574e+01
   5.8399574e+01
   6.0304446e+01
   6.6035561e+01
   6.4457269e+01
   6.4457269e+01
   5.9206584e+01
   5.1848284e+01
   5.3993053e+01
   6.3505951e+01
   6.4631713e+01
   6.4631713e+01
   4.8069143e+01
   4.8069143e+01
   6.1521837e+01
   6.1521837e+01
   6.0722362e+01
   6.0722362e+01
   5.2180754e+01
   5.2180754e+01
   4.7090316e+01
   5.8744723e+01
   6.4973219e+01
   6.4973219e+01
   6.8726242e+01
   5.7148330e+01
   5.1761636e+01
   5.1761636e+01
   6.1035693e+01
   6.1035693e+01
   6.3574716e+01
   6.3574716e+01
   6.7548936e+01
   6.7548936e+01
   5.9256974e+01
   5.9256974e+01
   5.0939539e+01
   5.0939539e+01
   4.5564467e+01
   4.5564467e+01
   5.6551245e+01
   6.2281170e+01
   7.1792711e+01
   6.4080941e+01
   5.7805954e+01
   5.7805954e+01
   6.3733845e+01
   6.3733845e+01
   6.2938186e+01
   6.9580678e+01
   5.7299173e+01
   5.7299173e+01
   5.8100990e+01
   6.4407224e+01
   6.5552558e+01
   6.5552558e+01
   6.0128287e+01
   6.0128287e+01
   6.4630609e+01
   6.4630609e+01
   6.7451174e+01
   6.7451174e+01
   6.7122984e+01
   6.7122984e+01
   5.9753462e+01
   5.9753462e+01
   6.5850040e+01
   6.5850040e+01
   6.3314772e+01
   6.3314772e+01
   6.6957420e+01
   6.6957420e+01
   7.3967556e+01
   6.5520838e+01
   5.6553781e+01
   5.6553781e+01
   5.6103160e+01
   5.6103160e+01
   6.1488090e+01
   6.1488090e+01
   6.6911217e+01
   6.6911217e+01
   5.3109530e+01
   6.3248995e+01
   6.5343655e+01
   5.5951183e+01
   5.9576348e+01
   6.6132155e+01
   6.6180330e+01
   4.6393931e+01
   4.6867125e+01
   4.6867125e+01
   6.0524548e+01
   6.0524548e+01
   5.1680452e+01
   5.1680452e+01
   4.7171736e+01
   5.5111954e+01
   6.2337146e+01
   6.2337146e+01
   6.7002249e+01
   6.7002249e+01
   6.8113659e+01
   6.8113659e+01
   6.1664841e+01
   6.1664841e+01
   6.4458281e+01
   6.4458281e+01
   5.9237185e+01
   5.9237185e+01
   5.7605407e+01
   6.3679247e+01
   6.1327322e+01
   4.7524891e+01
   5.4117507e+01
   5.4117507e+01
   5.7985187e+01
   5.7985187e+01
   6.2246042e+01
   5.6567775e+01
   5.8180935e+01
   4.6636631e+01
   4.8476038e+01
   5.5845020e+01
   5.7600552e+01
   5.7600552e+01
   5.8832764e+01
   5.8832764e+01
   5.9779307e+01
   5.9779307e+01
   6.2016543e+01
   6.2016543e+01
   6.2778674e+01
   4.7492466e+01
   4.9515813e+01
   6.1385098e+01
   6.3532821e+01
   7.1606417e+01
   6.8261220e+01
   5.6253960e+01
   5.4782941e+01
   6.1028287e+01
   6.6413517e+01
   6.6413517e+01
   6.7850589e+01
   6.7850589e+01
   6.3932802e+01
   6.3932802e+01
   5.7983117e+01
   5.7983117e+01
   5.5681579e+01
   6.4570848e+01
   6.3146233e+01
   6.3146233e+01
   5.2328361e+01
   5.2328361e+01
   5.9071180e+01
   5.9071180e+01
   5.8016078e+01
   5.8016078e+01
   6.2895448e+01
   6.2895448e+01
   5.8014204e+01
   6.4452053e+01
   6.1531782e+01
   6.7540724e+01
   5.7354759e+01
   5.7354759e+01
   6.1609356e+01
   6.1609356e+01
   6.7290361e+01
   6.0323271e+01
   6.4974668e+01
   6.4974668e+01
   6.3229614e+01
   4.7253598e+01
   5.3516565e+01
   5.3516565e+01
   5.8891132e+01
   5.8891132e+01
   6.6071503e+01
   6.6071503e+01
   6.3768237e+01
   6.3768237e+01
   6.6301852e+01
   5.9744960e+01
   5.6534301e+01
   5.6534301e+01
   5.8260661e+01
   5.1600542e+01
   4.5398863e+01
   4.5398863e+01
   4.8356768e+01
   4.8356768e+01
   6.2578798e+01
   6.2578798e+01
   5.7468694e+01
   5.1806131e+01
   5.6204102e+01
   6.3693724e+01
   6.3900941e+01
   5.4757485e+01
   5.3534407e+01
   5.9983827e+01
   6.4263146e+01
   6.4263146e+01
   6.6848982e+01
   6.6848982e+01
   5.6740259e+01
   5.6740259e+01
   6.3515815e+01
   6.3515815e+01
   4.9380572e+01
   5.9520144e+01
   6.7995786e+01
   6.7995786e+01
   6.4880610e+01
   4.6913894e+01
   4.5454817e+01
   4.5454817e+01
   4.8953772e+01
   5.6063591e+01
   4.5991489e+01
   4.5991489e+01
   5.0299861e+01
   5.6274357e+01
   6.2648427e+01
   6.2648427e+01
   5.6493387e+01
   6.2733696e+01
   6.3888982e+01
   6.3888982e+01
   6.9140597e+01
   6.9140597e+01
   6.1396872e+01
   4.7793559e+01
   4.4386705e+01
   5.0555589e+01
   6.1867276e+01
   5.4096448e+01
   5.8584970e+01
   5.8584970e+01
   5.9477270e+01
   5.9477270e+01
   5.8534017e+01
   5.8534017e+01
   6.1290573e+01
   5.0624674e+01
   5.9691683e+01
   5.9691683e+01
   5.8048299e+01
   6.5346050e+01
   5.7212469e+01
   4.5668822e+01
   6.2803761e+01
   6.2803761e+01
   5.9095606e+01
   5.9095606e+01
   4.7351956e+01
   4.7351956e+01
   5.5766959e+01
   4.5512549e+01
   4.4784677e+01
   4.4784677e+01
   4.9147364e+01
   5.5441332e+01
   6.0110287e+01
   6.0110287e+01
   6.1965022e+01
   4.9514252e+01
   4.5667640e+01
   4.5667640e+01
   5.9211240e+01
   5.9211240e+01
   4.8195017e+01
   5.3831958e+01
   5.5367731e+01
   6.1678381e+01
   5.9801164e+01
   4.8418180e+01
   5.9294563e+01
   5.9294563e+01
   6.3799051e+01
   5.0828283e+01
   4.9789808e+01
   5.7863879e+01
   5.9117371e+01
   5.9117371e+01
   6.3859488e+01
   4.4993086e+01
   4.8347237e+01
   5.5417244e+01
   5.7441043e+01
   5.7441043e+01
   5.8166684e+01
   5.8166684e+01
   5.8903377e+01
   5.2227661e+01
   5.5599394e+01
   5.5599394e+01
   5.8632295e+01
   5.8632295e+01
   6.0595698e+01
   6.0595698e+01
   5.7185246e+01
   5.7185246e+01
   5.0781075e+01
   5.0781075e+01
   4.5518297e+01
   4.5518297e+01
   5.1003271e+01
   5.9216065e+01
   6.5386584e+01
   6.5386584e+01
   4.7822104e+01
   4.7822104e+01
   5.6654875e+01
   5.6654875e+01
   4.7748489e+01
   4.7748489e+01
   5.7358293e+01
   4.8871223e+01
   4.7331559e+01
   4.7331559e+01
   4.3442464e+01
   5.5769189e+01
   5.9429451e+01
   4.6468748e+01
   4.8022081e+01
   5.9276167e+01
   4.5689783e+01
   4.5689783e+01
   5.0009882e+01
   5.0009882e+01
   5.9037725e+01
   5.9037725e+01
   4.8323819e+01
   4.8323819e+01
   6.1273279e+01
   4.8073888e+01
   4.4469488e+01
   5.0904153e+01
   5.9940093e+01
   5.9940093e+01
   5.7822572e+01
   4.5716927e+01
   4.6741124e+01
   4.6741124e+01
   4.7714940e+01
   5.7614222e+01
   6.1224150e+01
   5.0127033e+01
   4.6963272e+01
   4.6963272e+01
   6.0004293e+01
   6.0004293e+01
   5.7787486e+01
   5.7787486e+01
   6.1826361e+01
   6.1826361e+01
   5.6878551e+01
   5.6878551e+01
   5.8307072e+01
   5.8307072e+01
   5.8290679e+01
   6.8074249e+01
   6.2886769e+01
   4.8809749e+01
   5.5410219e+01
   5.5410219e+01
   5.7098258e+01
   6.3525425e+01
   6.0635579e+01
   6.8014769e+01
   6.2949472e+01
   6.2949472e+01
   5.4985939e+01
   6.4174295e+01
   6.6872072e+01
   5.2228300e+01
   5.5271936e+01
   4.9143461e+01
   5.1228115e+01
   5.1228115e+01
   5.1869901e+01
   6.2830437e+01
   5.5516605e+01
   6.5770508e+01
   6.1512765e+01
   6.1512765e+01
   5.8130877e+01
   5.8130877e+01
   6.5007374e+01
   5.0786350e+01
   6.2130721e+01
   6.2130721e+01
   6.1150062e+01
   6.7182636e+01
   5.7719249e+01
   5.7719249e+01
   6.0230724e+01
   6.0230724e+01
   6.4719023e+01
   6.4719023e+01
   4.7118943e+01
   4.7118943e+01
   5.7007958e+01
   5.7007958e+01
   6.3303772e+01
   5.1325273e+01
   5.7958213e+01
   6.3841838e+01
   6.2633657e+01
   6.9077003e+01
   6.0147684e+01
   6.0147684e+01
   6.4847434e+01
   6.4847434e+01
   6.3755420e+01
   6.3755420e+01
   5.5287087e+01
   4.8452619e+01
   5.7656041e+01
   6.4979971e+01
   5.9125864e+01
   5.9125864e+01
   5.0241681e+01
   5.0241681e+01
   5.5654746e+01
   5.5654746e+01
   6.3607654e+01
   6.3607654e+01
   4.5519702e+01
   5.4872600e+01
   6.3240134e+01
   6.3240134e+01
   6.9453839e+01
   6.0674882e+01
   6.6489187e+01
   5.7293056e+01
   6.2918392e+01
   6.2918392e+01
   5.0930855e+01
   5.0930855e+01
   5.7702878e+01
   6.5173339e+01
   6.2985698e+01
   6.2985698e+01
   6.0784095e+01
   6.0784095e+01
   5.9383147e+01
   5.9383147e+01
   5.2235835e+01
   5.2235835e+01
   4.8134798e+01
   6.2148766e+01
   5.3153022e+01
   5.8901898e+01
   6.3229614e+01
   5.5899663e+01
   5.7405464e+01
   5.7405464e+01
   4.7906602e+01
   4.7906602e+01
   5.4678562e+01
   6.1452993e+01
   5.1972302e+01
   5.1972302e+01
   6.0911974e+01
   6.0911974e+01
   6.0155016e+01
   6.0155016e+01
   6.3956850e+01
   7.2522279e+01
   5.8515779e+01
   5.8515779e+01
   6.3837136e+01
   6.3837136e+01
   6.7323927e+01
   5.7391852e+01
   4.9778099e+01
   5.5918236e+01
   6.2492164e+01
   6.2492164e+01
   5.5090056e+01
   5.5090056e+01
   5.0168926e+01
   5.0168926e+01
   5.4069252e+01
   6.0301085e+01
   5.2987978e+01
   5.9924813e+01
   5.9887934e+01
   5.9887934e+01
   5.1302514e+01
   5.1302514e+01
   5.1948648e+01
   5.8211731e+01
   6.5038489e+01
   6.5038489e+01
   6.1045761e+01
   6.1045761e+01
   6.0380066e+01
   6.6115479e+01
   6.1691027e+01
   6.1691027e+01
   6.0686630e+01
   6.0686630e+01
   6.1801688e+01
   6.1801688e+01
   6.2973476e+01
   6.2973476e+01
   4.9678031e+01
   4.9678031e+01
   4.5593346e+01
   4.5593346e+01
   4.7374437e+01
   5.3279407e+01
   5.7028590e+01
   5.7028590e+01
   5.1832160e+01
   5.7727529e+01
   6.1579653e+01
   6.1579653e+01
   6.3405252e+01
   5.7657273e+01
   6.1422552e+01
   6.1422552e+01
   6.5558229e+01
   6.5558229e+01
   6.3473312e+01
   6.3473312e+01
   6.3144569e+01
   5.2930213e+01
   4.8023770e+01
   6.4515283e+01
   5.4196812e+01
   4.7198799e+01
   4.5274277e+01
   5.1534838e+01
   4.8437227e+01
   4.8437227e+01
   6.1475855e+01
   6.1475855e+01
   6.1832444e+01
   6.1832444e+01
   4.8224556e+01
   4.8224556e+01
   5.5970127e+01
   5.5970127e+01
   6.3368975e+01
   6.3368975e+01
   5.9000532e+01
   5.9000532e+01
   5.7761305e+01
   5.7761305e+01
   6.6200993e+01
   5.6363347e+01
   4.7542058e+01
   4.7542058e+01
   5.8925625e+01
   5.8925625e+01
   6.2669792e+01
   6.2669792e+01
   4.6958267e+01
   4.6958267e+01
   4.7654053e+01
   4.7654053e+01
   5.3231139e+01
   5.3231139e+01
   5.9871085e+01
   5.9871085e+01
   6.5095055e+01
   6.5095055e+01
   6.4927208e+01
   5.0639896e+01
   4.9727559e+01
   5.5688897e+01
   5.9196970e+01
   5.3046524e+01
   5.2177756e+01
   4.3486122e+01
   4.8143250e+01
   6.1196899e+01
   5.6935308e+01
   5.6935308e+01
   5.3719561e+01
   5.3719561e+01
   6.4831431e+01
   5.9133200e+01
   6.2961367e+01
   5.3244604e+01
   6.2294742e+01
   6.2294742e+01
   5.5409678e+01
   4.7507256e+01
   5.8605746e+01
   5.8605746e+01
   6.2648184e+01
   6.2648184e+01
   5.8515462e+01
   5.8515462e+01
   6.2255182e+01
   6.2255182e+01
   5.8247523e+01
   5.8247523e+01
   5.6261583e+01
   4.5628856e+01
   4.8652423e+01
   6.2948594e+01
   6.4075798e+01
   6.4075798e+01
   6.7357939e+01
   4.8177453e+01
   4.6742201e+01
   4.6742201e+01
   5.0597742e+01
   5.6799204e+01
   5.4279111e+01
   6.0170323e+01
   5.0024705e+01
   5.5726367e+01
   6.0618479e+01
   6.0618479e+01
   5.4016156e+01
   4.7591650e+01
   4.8581420e+01
   5.9113692e+01
   6.3943406e+01
   5.0148110e+01
   5.7391270e+01
   4.8297206e+01
   4.8116064e+01
   4.8116064e+01
   5.0672861e+01
   4.3922746e+01
   4.6210377e+01
   4.6210377e+01
   6.0070032e+01
   4.7712338e+01
   4.3650051e+01
   4.9293552e+01
   5.6108654e+01
   5.6108654e+01
   5.9330455e+01
   4.9220742e+01
   5.2672611e+01
   4.4574176e+01
   4.8284433e+01
   5.6176000e+01
   4.6030202e+01
   4.6030202e+01
   5.8512484e+01
   4.7505848e+01
   4.8579078e+01
   5.6847491e+01
   5.2161746e+01
   5.2161746e+01
   6.4034621e+01
   6.4034621e+01
   6.1699614e+01
   5.1124115e+01
   5.5656112e+01
   6.2138593e+01
   5.2328360e+01
   4.4103358e+01
   4.5946853e+01
   4.5946853e+01
   5.1542467e+01
   5.9365582e+01
   4.4511945e+01
   5.7718490e+01
   5.9596904e+01
   5.9596904e+01
   4.7434532e+01
   4.7434532e+01
   4.9223377e+01
   4.9223377e+01
   4.8457710e+01
   6.0212621e+01
   5.8232822e+01
   5.8232822e+01
   5.8200619e+01
   5.8200619e+01
   5.8442229e+01
   4.9944596e+01
   5.1492343e+01
   5.1492343e+01
   5.2468924e+01
   5.2468924e+01
   6.2016117e+01
   7.1098188e+01
   6.2359106e+01
   6.2359106e+01
   5.5562642e+01
   5.5562642e+01
   6.0339118e+01
   6.6665317e+01
   6.9271555e+01
   5.9845659e+01
   4.9726244e+01
   4.9726244e+01
   5.7876759e+01
   5.7876759e+01
   6.2415081e+01
   6.2415081e+01
   5.3751559e+01
   4.5760884e+01
   4.9261618e+01
   5.6735299e+01
   6.0584509e+01
   7.1246615e+01
   6.2480226e+01
   5.3501981e+01
   4.8746250e+01
   6.0535124e+01
   6.0619082e+01
   4.4926305e+01
   4.8850732e+01
   6.6461350e+01
   6.4756492e+01
   4.9870163e+01
   5.9549530e+01
   5.9549530e+01
   6.2731442e+01
   5.0056778e+01
   4.6340931e+01
   4.6340931e+01
   5.5252870e+01
   5.5252870e+01
   6.3507742e+01
   6.3507742e+01
   6.0212476e+01
   6.8000272e+01
   6.3190584e+01
   6.3190584e+01
   5.6290873e+01
   5.6290873e+01
   6.1227182e+01
   6.1227182e+01
   5.5057666e+01
   6.3551961e+01
   6.5362815e+01
   5.8983082e+01
   6.4058625e+01
   5.3420242e+01
   5.8138820e+01
   5.8138820e+01
   6.5670980e+01
   6.5670980e+01
   6.2733133e+01
   6.2733133e+01
   4.8967560e+01
   4.8967560e+01
   5.6539765e+01
   6.5566006e+01
   5.9384497e+01
   5.9384497e+01
   5.3170251e+01
   5.3170251e+01
   4.6005074e+01
   4.6005074e+01
   4.8843526e+01
   5.4417614e+01
   6.2014614e+01
   4.8781854e+01
   4.6482548e+01
   4.6482548e+01
   4.8974013e+01
   4.8974013e+01
   6.3540440e+01
   5.4495193e+01
   5.2776873e+01
   6.1900171e+01
   4.6544181e+01
   4.6544181e+01
   4.8614457e+01
   4.8614457e+01
   4.6462994e+01
   4.6462994e+01
   5.6501335e+01
   6.4946962e+01
   4.7183343e+01
   5.5846717e+01
   5.8823213e+01
   5.8823213e+01
   4.6749236e+01
   4.6749236e+01
   5.7159804e+01
   5.7159804e+01
   5.5815042e+01
   5.5815042e+01
   4.6972578e+01
   4.6972578e+01
   6.0968905e+01
   6.0968905e+01
   4.7426633e+01
   4.7426633e+01
   5.8956956e+01
   4.7732504e+01
   4.7506363e+01
   4.7506363e+01
   5.6113774e+01
   4.9361252e+01
   4.8775793e+01
   4.8775793e+01
   4.5726160e+01
   4.5726160e+01
   4.9190268e+01
   4.9190268e+01
   5.8062304e+01
   5.8062304e+01
   6.4487962e+01
   6.4487962e+01
   5.8304730e+01
   5.8304730e+01
   4.8061006e+01
   4.8061006e+01
   5.5762197e+01
   5.5762197e+01
   6.3222641e+01
   6.3222641e+01
   4.5384813e+01
   4.5384813e+01
   5.0646921e+01
   5.9227079e+01
   6.5087108e+01
   6.5087108e+01
   6.0053091e+01
   6.0053091e+01
   5.8383648e+01
   5.8383648e+01
   4.7893924e+01
   5.6925813e+01
   5.9962404e+01
   5.9962404e+01
   6.6209117e+01
   6.6209117e+01
   6.4396870e+01
   6.4396870e+01
   4.6097054e+01
   5.9734422e+01
   6.2607355e+01
   5.5836295e+01
   4.5977504e+01
   4.5977504e+01
   5.2613284e+01
   5.2613284e+01
   5.5539924e+01
   5.5539924e+01
   5.7273632e+01
   5.7273632e+01
   5.7784842e+01
   4.8855795e+01
   4.5136577e+01
   6.2486917e+01
   6.4165179e+01
   6.4165179e+01
   5.9161352e+01
   5.3393896e+01
   4.5766197e+01
   5.2307008e+01
   6.2922618e+01
   6.2922618e+01
   6.5825541e+01
   4.6949160e+01
   4.7328079e+01
   4.7328079e+01
   5.9047907e+01
   6.6180330e+01
   4.8087568e+01
   5.5290785e+01
   5.9506093e+01
   5.9506093e+01
   5.7680129e+01
   5.7680129e+01
   5.0482963e+01
   5.0482963e+01
   5.1921141e+01
   6.0025980e+01
   5.9465947e+01
   6.6539411e+01
   6.2890557e+01
   5.4786225e+01
   5.2751564e+01
   5.8960913e+01
   6.0637168e+01
   6.0637168e+01
   6.5519423e+01
   6.5519423e+01
   6.7728753e+01
   6.7728753e+01
   6.5545564e+01
   6.5545564e+01
   6.7267892e+01
   6.7267892e+01
   5.6022609e+01
   4.6119789e+01
   4.8195017e+01
   5.4550404e+01
   5.7249320e+01
   5.7249320e+01
   6.0913797e+01
   5.2397551e+01
   6.0865822e+01
   6.0865822e+01
   6.0677767e+01
   4.8072834e+01
   4.6324655e+01
   4.6324655e+01
   5.7182622e+01
   5.7182622e+01
   4.7268927e+01
   4.7268927e+01
   5.4475826e+01
   5.4475826e+01
   5.9660026e+01
   5.9660026e+01
   5.7410148e+01
   4.7815639e+01
   4.4309742e+01
   4.4309742e+01
   5.3124585e+01
   6.1211887e+01
   5.8277036e+01
   5.8277036e+01
   5.4609248e+01
   5.4609248e+01
   6.0981450e+01
   4.9600120e+01
   5.6684742e+01
   5.6684742e+01
   5.5321862e+01
   5.5321862e+01
   5.6746983e+01
   5.6746983e+01
   6.6789207e+01
   5.9369715e+01
   5.8030735e+01
   6.5196758e+01
   6.1346592e+01
   6.1346592e+01
   5.3590658e+01
   5.3590658e+01
   5.4495497e+01
   6.0784736e+01
   5.4311228e+01
   5.4311228e+01
   6.1137573e+01
   7.0147042e+01
   5.7687725e+01
   5.7687725e+01
   5.3986382e+01
   5.3986382e+01
   5.8992615e+01
   5.8992615e+01
   6.1572932e+01
   6.1572932e+01
   6.3257370e+01
   6.3257370e+01
   5.2831856e+01
   5.2831856e+01
   5.0018988e+01
   5.0018988e+01
   5.9104045e+01
   5.9104045e+01
   5.2355682e+01
   6.3869717e+01
   6.1665267e+01
   5.4517979e+01
   4.6368719e+01
   4.6368719e+01
   4.9409209e+01
   4.9409209e+01
   5.4341064e+01
   5.4341064e+01
   5.3661319e+01
   5.9954272e+01
   5.2539442e+01
   4.4582875e+01
   5.7295233e+01
   5.7295233e+01
   5.6798928e+01
   5.6798928e+01
   6.5065828e+01
   6.5065828e+01
   6.2783647e+01
   5.5025977e+01
   5.7138800e+01
   6.3150577e+01
   6.4106739e+01
   6.4106739e+01
   5.0831294e+01
   5.0831294e+01
   5.6158642e+01
   4.6163023e+01
   4.8394690e+01
   5.9075780e+01
   4.7453435e+01
   5.7880188e+01
   4.3724236e+01
   5.8725021e+01
   5.4981662e+01
   4.5332121e+01
   5.3001679e+01
   5.3001679e+01
   6.5010429e+01
   5.4194805e+01
   4.9516178e+01
   5.5529652e+01
   5.6987849e+01
   5.6987849e+01
   6.0946323e+01
   6.6683977e+01
   5.9009500e+01
   5.9009500e+01
   5.3409568e+01
   5.3409568e+01
   5.6228691e+01
   5.6228691e+01
   5.7525111e+01
   5.7525111e+01
   5.9642470e+01
   4.8875528e+01
   6.3935288e+01
   5.1134924e+01
   5.5269168e+01
   6.4450600e+01
   5.9173876e+01
   5.9173876e+01
   5.1755890e+01
   5.1755890e+01
   5.7983898e+01
   5.7983898e+01
   5.4070900e+01
   6.0590465e+01
   6.4611690e+01
   6.4611690e+01
   6.8006963e+01
   6.8006963e+01
   5.8230889e+01
   5.8230889e+01
   6.3781720e+01
   6.3781720e+01
   6.6190343e+01
   6.6190343e+01
   6.4016773e+01
   6.4016773e+01
   5.5425106e+01
   5.5425106e+01
   6.2427469e+01
   6.2427469e+01
   6.3723983e+01
   6.3723983e+01
   4.8367675e+01
   4.8367675e+01
   6.1346777e+01
   6.7806234e+01
   6.9241750e+01
   6.3073492e+01
   5.2491453e+01
   5.2491453e+01
   4.4800585e+01
   5.1356498e+01
   5.6825589e+01
   4.9862405e+01
   5.8284734e+01
   5.8284734e+01
   6.2085168e+01
   6.2085168e+01
   4.5598505e+01
   6.2111387e+01
   6.4544389e+01
   5.4493183e+01
   6.2557767e+01
   6.2557767e+01
   6.4042130e+01
   5.5009764e+01
   5.3166153e+01
   5.3166153e+01
   4.5971833e+01
   5.7493785e+01
   6.6155611e+01
   6.6155611e+01
   5.7790396e+01
   5.7790396e+01
   5.3441514e+01
   5.3441514e+01
   6.3779210e+01
   6.3779210e+01
   4.8733069e+01
   5.7859381e+01
   5.8502448e+01
   5.8502448e+01
   6.2581105e+01
   4.8433885e+01
   6.1215044e+01
   6.1215044e+01
   5.1691243e+01
   5.7622586e+01
   6.4818161e+01
   6.4818161e+01
   5.4690905e+01
   5.4690905e+01
   5.3890153e+01
   5.3890153e+01
   5.0850113e+01
   5.0850113e+01
   5.4506269e+01
   6.1870178e+01
   5.7984367e+01
   5.7984367e+01
   5.9484803e+01
   5.9484803e+01
   6.1092625e+01
   6.1092625e+01
   5.9848332e+01
   5.9848332e+01
   5.8649649e+01
   5.8649649e+01
   6.1683362e+01
   6.1683362e+01
   5.2213980e+01
   5.2213980e+01
   4.7830477e+01
   4.7830477e+01
   5.7129023e+01
   5.7129023e+01
   6.0260685e+01
   5.4052538e+01
   4.7792647e+01
   6.0783756e+01
   6.3127070e+01
   6.3127070e+01
   6.2019106e+01
   6.2019106e+01
   6.7769852e+01
   4.6491330e+01
   4.8400378e+01
   6.0189483e+01
   6.4427464e+01
   6.4427464e+01
   5.8755603e+01
   5.8755603e+01
   6.1772140e+01
   6.1772140e+01
   6.8711818e+01
   5.6950562e+01
   5.0135748e+01
   5.0135748e+01
   5.5267367e+01
   5.5267367e+01
   5.8691295e+01
   6.6622937e+01
   5.5551142e+01
   4.9687939e+01
   5.3866818e+01
   5.3866818e+01
   6.3151802e+01
   6.3151802e+01
   5.6899938e+01
   5.6899938e+01
   5.5823553e+01
   5.5823553e+01
   4.5771215e+01
   4.5771215e+01
   4.9319099e+01
   5.6141242e+01
   5.9919152e+01
   5.9919152e+01
   6.6004817e+01
   6.6004817e+01
   6.3556206e+01
   4.7457338e+01
   5.1780203e+01
   5.1780203e+01
   4.9103650e+01
   5.6008239e+01
   6.3071931e+01
   6.3071931e+01
   6.1064135e+01
   6.1064135e+01
   6.3721400e+01
   5.3745172e+01
   5.0075693e+01
   5.6432933e+01
   4.9561981e+01
   4.9561981e+01
   5.0839916e+01
   5.7128063e+01
   5.1811090e+01
   4.5919657e+01
   4.9005017e+01
   5.5560096e+01
   4.7339182e+01
   5.9935019e+01
   5.7864465e+01
   5.7864465e+01
   6.2501249e+01
   6.2501249e+01
   6.6489559e+01
   6.6489559e+01
   5.0735911e+01
   6.1553145e+01
   5.5904346e+01
   4.6407902e+01
   5.8937253e+01
   6.5574379e+01
   6.2972820e+01
   5.6212367e+01
   5.7572726e+01
   5.7572726e+01
   5.2247957e+01
   6.2274145e+01
   5.9116335e+01
   5.9116335e+01
   6.3990712e+01
   6.3990712e+01
   6.4605277e+01
   6.4605277e+01
   5.7693510e+01
   4.8174944e+01
   4.7554621e+01
   4.7554621e+01
   6.6544902e+01
   6.6544902e+01
   6.6183774e+01
   6.6183774e+01
   5.6789561e+01
   4.8092828e+01
   4.7140885e+01
   4.7140885e+01
   5.5436186e+01
   5.5436186e+01
   5.8657455e+01
   5.8657455e+01
   6.2652712e+01
   6.2652712e+01
   5.0514075e+01
   5.0514075e+01
   6.3491474e+01
   4.8373848e+01
   4.7665876e+01
   4.7665876e+01
   6.2171655e+01
   6.8422107e+01
   6.3605160e+01
   5.4609310e+01
   5.5698265e+01
   6.6375822e+01
   6.1436436e+01
   5.3150345e+01
   5.3055824e+01
   5.3055824e+01
   6.7429714e+01
   6.7429714e+01
   5.6211520e+01
   5.6211520e+01
   6.4343660e+01
   5.7149844e+01
   6.2389581e+01
   6.2389581e+01
   6.3865423e+01
   6.3865423e+01
   5.1985281e+01
   6.3897038e+01
   5.7924565e+01
   5.7924565e+01
   4.6501088e+01
   4.6501088e+01
   4.7657565e+01
   5.6890440e+01
   4.9252747e+01
   4.9252747e+01
   5.6919426e+01
   5.1153762e+01
   5.4388317e+01
   5.4388317e+01
   6.1850857e+01
   5.5782571e+01
   6.2714919e+01
   6.2714919e+01
   5.8217170e+01
   5.8217170e+01
   6.6152286e+01
   6.6152286e+01
   5.2115254e+01
   5.2115254e+01
   5.0062633e+01
   5.0062633e+01
   5.8716756e+01
   6.5929285e+01
   6.1720030e+01
   6.1720030e+01
   6.2846139e+01
   6.2846139e+01
   6.2922011e+01
   5.3412771e+01
   6.3778882e+01
   5.6103403e+01
   6.2663643e+01
   6.2663643e+01
   5.9088015e+01
   5.9088015e+01
   4.7762872e+01
   4.7762872e+01
   5.7017890e+01
   5.7017890e+01
   4.7175314e+01
   5.7254231e+01
   6.3119548e+01
   6.3119548e+01
   6.1057560e+01
   6.1057560e+01
   6.1495539e+01
   6.1495539e+01
   6.0166686e+01
   6.0166686e+01
   6.2667573e+01
   5.2626494e+01
   5.9234800e+01
   6.7655687e+01
   6.1448440e+01
   6.1448440e+01
   5.9074609e+01
   5.9074609e+01
   5.3538989e+01
   5.3538989e+01
   5.6472725e+01
   5.6472725e+01
   5.4898131e+01
   5.4898131e+01
   5.8123377e+01
   5.8123377e+01
   6.1932290e+01
   6.1932290e+01
   5.7401249e+01
   6.4035206e+01
   5.8974161e+01
   5.8974161e+01
   6.5607030e+01
   6.5607030e+01
   6.5901600e+01
   6.5901600e+01
   5.9500345e+01
   5.9500345e+01
   5.3086712e+01
   5.3086712e+01
   6.6119786e+01
   6.6119786e+01
   6.5993456e+01
   6.5993456e+01
   7.0199774e+01
   5.6545341e+01
   5.5040921e+01
   5.5040921e+01
   6.3064407e+01
   6.3064407e+01
   5.9081440e+01
   5.9081440e+01
   6.6692622e+01
   6.6692622e+01
   6.2660548e+01
   6.2660548e+01
   5.9818227e+01
   5.9818227e+01
   6.3741589e+01
   6.3741589e+01
   6.8608393e+01
   6.8608393e+01
   6.2486777e+01
   6.2486777e+01
   5.5197111e+01
   4.5205881e+01
   4.7409601e+01
   6.1912331e+01
   5.6432431e+01
   5.6432431e+01
   6.3345355e+01
   6.3345355e+01
   6.3850201e+01
   7.0765340e+01
   5.7773133e+01
   6.7646905e+01
   6.3401545e+01
   6.3401545e+01
   6.6756422e+01
   6.6756422e+01
   7.3273847e+01
   7.3273847e+01
   7.3732756e+01
   5.9879850e+01
   5.6732688e+01
   6.5014094e+01
   6.3866676e+01
   6.3866676e+01
   7.3983667e+01
   6.6591052e+01
   6.4639741e+01
   6.4639741e+01
   5.8888587e+01
   6.5576135e+01
   6.6869370e+01
   6.6869370e+01
   6.7421280e+01
   6.7421280e+01
   6.0766782e+01
   6.0766782e+01
   6.5070947e+01
   6.5070947e+01
   7.2269107e+01
   6.4569866e+01
   5.5473448e+01
   4.7385872e+01
   5.4977564e+01
   6.4393039e+01
   6.7879607e+01
   6.7879607e+01
   5.9956897e+01
   5.9956897e+01
   6.2575671e+01
   6.2575671e+01
   6.4373413e+01
   6.4373413e+01
   6.2316298e+01
   5.0954128e+01
   6.2164078e+01
   6.2164078e+01
   5.8820240e+01
   5.8820240e+01
   6.1062798e+01
   6.9311701e+01
   6.2974141e+01
   6.2974141e+01
   5.4467796e+01
   6.1586725e+01
   6.7551161e+01
   5.5428693e+01
   6.3126080e+01
   6.9243073e+01
   6.2543635e+01
   6.2543635e+01
   6.8390439e+01
   6.8390439e+01
   5.9704084e+01
   5.0078895e+01
   4.5712669e+01
   5.5934474e+01
   6.1048193e+01
   6.1048193e+01
   5.6229234e+01
   5.6229234e+01
   6.0125615e+01
   6.6795594e+01
   5.4438941e+01
   6.2006655e+01
   6.4117815e+01
   6.4117815e+01
   6.7981416e+01
   6.1306842e+01
   6.5418452e+01
   6.5418452e+01
   6.5029523e+01
   6.5029523e+01
   6.5911707e+01
   7.1789347e+01
   7.4735548e+01
   6.6551277e+01
   5.9010641e+01
   5.9010641e+01
   6.3338705e+01
   6.3338705e+01
   6.4883749e+01
   6.4883749e+01
   5.7357457e+01
   6.4561116e+01
   6.0835588e+01
   6.0835588e+01
   6.3928013e+01
   6.3928013e+01
   6.3415791e+01
   6.3415791e+01
   6.5795332e+01
   6.5795332e+01
   6.4541763e+01
   6.4541763e+01
   5.8661024e+01
   5.8661024e+01
   6.5570288e+01
   6.5570288e+01
   6.3073492e+01
   5.6448146e+01
   5.6090735e+01
   5.6090735e+01
   6.0972668e+01
   6.6512445e+01
   6.7820787e+01
   6.7820787e+01
   6.5404049e+01
   6.5404049e+01
   7.3199545e+01
   7.3199545e+01
   6.9362302e+01
   6.9362302e+01
   6.1429629e+01
   5.5852826e+01
   6.1587863e+01
   6.1587863e+01
   6.6365425e+01
   6.6365425e+01
   6.4973219e+01
   6.4973219e+01
   4.9629925e+01
   6.6434586e+01
   6.5499936e+01
   6.5499936e+01
   6.2323825e+01
   6.2323825e+01
   5.8829482e+01
   5.8829482e+01
   5.5774092e+01
   5.5774092e+01
   5.9261259e+01
   5.9261259e+01
   6.1785481e+01
   6.7932024e+01
   6.9867051e+01
   6.4300674e+01
   6.9215351e+01
   6.9215351e+01
   6.5117561e+01
   7.1226990e+01
   6.4643580e+01
   6.4643580e+01
   6.5070299e+01
   5.6611581e+01
   5.6515796e+01
   5.6515796e+01
   6.5696139e+01
   6.5696139e+01
   6.8990535e+01
   7.4950511e+01
   7.2735133e+01
   6.7072264e+01
   6.7309330e+01
   6.7309330e+01
   6.7745999e+01
   6.7745999e+01
   6.2631333e+01
   6.2631333e+01
   6.3644120e+01
   6.3644120e+01
   6.6030160e+01
   6.6030160e+01
   7.0272691e+01
   7.0272691e+01
   6.6249090e+01
   5.8522521e+01
   5.7177886e+01
   5.7177886e+01
   6.6305618e+01
   6.6305618e+01
   6.2884725e+01
   6.8645646e+01
   6.3847584e+01
   6.3847584e+01
   6.7767203e+01
   6.7767203e+01
   6.2239244e+01
   5.6201174e+01
   6.2262904e+01
   6.7845244e+01
   6.5877268e+01
   5.8764511e+01
   5.0261733e+01
   5.0261733e+01
   5.9135365e+01
   5.9135365e+01
   4.8703205e+01
   4.8703205e+01
   5.0804117e+01
   5.0804117e+01
   5.1022786e+01
   6.0428191e+01
   6.8501559e+01
   6.2265423e+01
   6.1131541e+01
   6.1131541e+01
   5.8256860e+01
   5.8256860e+01
   5.5350232e+01
   5.5350232e+01
   5.7593901e+01
   4.8852109e+01
   4.5964885e+01
   4.5964885e+01
   5.2129304e+01
   5.9138424e+01
   5.7765861e+01
   5.7765861e+01
   6.7373978e+01
   6.7373978e+01
   5.9518087e+01
   6.6864393e+01
   6.9235424e+01
   6.3108825e+01
   5.7379278e+01
   5.7379278e+01
   6.3925539e+01
   6.3925539e+01
   5.8199575e+01
   5.8199575e+01
   4.9440449e+01
   4.9440449e+01
   6.1927001e+01
   6.1927001e+01
   6.2828156e+01
   5.2053645e+01
   5.5805861e+01
   5.5805861e+01
   6.1382623e+01
   6.1382623e+01
   5.7019018e+01
   5.7019018e+01
   5.9404994e+01
   6.5222305e+01
   6.6221205e+01
   5.9146035e+01
   4.6440555e+01
   4.6440555e+01
   4.8322754e+01
   5.8159536e+01
   6.3018849e+01
   4.8037976e+01
   5.8466205e+01
   5.8466205e+01
   6.1535226e+01
   4.5008445e+01
   5.6341524e+01
   4.5397210e+01
   4.9200737e+01
   4.9200737e+01
   5.8121481e+01
   5.8121481e+01
   5.6725997e+01
   6.5393472e+01
   6.0604983e+01
   6.0604983e+01
   5.0338700e+01
   5.0338700e+01
   5.9169521e+01
   6.8527677e+01
   6.1112203e+01
   6.1112203e+01
   5.6798077e+01
   4.8069297e+01
   4.5384812e+01
   5.5729043e+01
   4.7871844e+01
   5.4630387e+01
   6.2512700e+01
   6.2512700e+01
   7.2735860e+01
   6.5645052e+01
   6.2201079e+01
   5.4909129e+01
   5.0149186e+01
   5.0149186e+01
   5.3365210e+01
   5.3365210e+01
   6.0858504e+01
   6.6540769e+01
   6.1634266e+01
   6.1634266e+01
   6.4198875e+01
   5.5683387e+01
   5.3829770e+01
   5.3829770e+01
   6.2294552e+01
   6.2294552e+01
   5.8949456e+01
   4.6835079e+01
   5.4643963e+01
   5.4643963e+01
   5.0008268e+01
   6.3744819e+01
   6.7559558e+01
   6.7559558e+01
   4.8456968e+01
   4.8456968e+01
   4.7992798e+01
   4.7992798e+01
   6.4423354e+01
   6.4423354e+01
   6.1647968e+01
   6.1647968e+01
   5.7873832e+01
   6.4695417e+01
   6.7273225e+01
   6.7273225e+01
   6.7181615e+01
   6.7181615e+01
   5.9541294e+01
   5.9541294e+01
   5.7132551e+01
   5.7132551e+01
   6.5160745e+01
   6.5160745e+01
   5.8109384e+01
   5.8109384e+01
   6.0314026e+01
   6.6245180e+01
   6.8166974e+01
   6.8166974e+01
   6.9106249e+01
   6.0694809e+01
   6.1264954e+01
   6.1264954e+01
   5.0385193e+01
   4.3460902e+01
   4.8031088e+01
   5.6870778e+01
   5.3039395e+01
   5.3039395e+01
   4.5687300e+01
   4.5687300e+01
   5.1512230e+01
   5.1512230e+01
   5.7830615e+01
   5.7830615e+01
   5.1982269e+01
   5.1982269e+01
   5.3834162e+01
   5.3834162e+01
   5.9557444e+01
   5.9557444e+01
   5.7769787e+01
   5.7769787e+01
   5.0903700e+01
   5.0903700e+01
