   4.8102459e+01
   4.8102459e+01
   5.4774466e+01
   5.4774466e+01
   5.2130432e+01
   5.2130432e+01
   5.8129873e+01
   5.8129873e+01
   5.8284657e+01
   5.8284657e+01
   5.6734208e+01
   4.9446227e+01
   5.7474241e+01
   5.7474241e+01
   4.6972834e+01
   4.6972834e+01
   5.8611358e+01
   5.8611358e+01
   5.8611358e+01
   5.8611358e+01
   5.3443661e+01
   5.3443661e+01
   5.7406742e+01
   5.7406742e+01
   5.2033502e+01
   5.2033502e+01
   6.0805513e+01
   6.0805513e+01
   5.9198798e+01
   5.9198798e+01
   6.1080744e+01
   4.7989656e+01
   5.1147814e+01
   5.1147814e+01
   5.1147814e+01
   5.1147814e+01
   4.7912045e+01
   4.7912045e+01
   5.5626448e+01
   5.5626448e+01
   5.4618521e+01
   6.3704645e+01
   5.9161583e+01
   5.9161583e+01
   6.1857657e+01
   6.1857657e+01
   6.1857657e+01
   6.1857657e+01
   5.9034380e+01
   6.5983615e+01
   6.3848427e+01
   5.1578972e+01
   4.7197394e+01
   4.7197394e+01
   6.0689707e+01
   6.0689707e+01
   5.9061962e+01
   5.9061962e+01
   5.9279715e+01
   4.8372997e+01
   5.4938299e+01
   4.6887888e+01
   5.0913094e+01
   5.0913094e+01
   5.5134818e+01
   6.3139770e+01
   6.3626850e+01
   5.4647738e+01
   4.5855471e+01
   4.5855471e+01
   4.8003412e+01
   5.3992914e+01
   4.6522677e+01
   4.6522677e+01
   4.8839711e+01
   6.1891069e+01
   6.4360438e+01
   5.2533798e+01
   5.8447118e+01
   5.8447118e+01
   6.3016897e+01
   6.3016897e+01
   6.3016897e+01
   6.3016897e+01
   4.7236127e+01
   4.7236127e+01
   5.9656263e+01
   5.9656263e+01
   6.3710842e+01
   5.5775499e+01
   5.6628830e+01
   6.2857510e+01
   6.4076579e+01
   6.4076579e+01
   5.3798031e+01
   5.3798031e+01
   6.0744342e+01
   6.0744342e+01
   6.5319043e+01
   6.5319043e+01
   5.7946410e+01
   5.7946410e+01
   5.7946410e+01
   5.7946410e+01
   5.9689275e+01
   4.7173335e+01
   4.9472026e+01
   5.7390585e+01
   5.9737645e+01
   5.9737645e+01
   5.9737645e+01
   5.9737645e+01
   5.5557754e+01
   4.9178589e+01
   4.6306274e+01
   4.6306274e+01
   5.6225484e+01
   4.8754792e+01
   4.4788472e+01
   4.4788472e+01
   4.6604035e+01
   4.6604035e+01
   5.7301420e+01
   6.4970380e+01
   6.1950503e+01
   4.6131978e+01
   5.1120106e+01
   5.6962375e+01
   5.6834509e+01
   4.6919168e+01
   4.7825193e+01
   5.5928483e+01
   6.2614627e+01
   5.4372450e+01
   4.7555922e+01
   5.3220665e+01
   5.8797297e+01
   5.8797297e+01
   4.6975884e+01
   4.6975884e+01
   4.3921164e+01
   5.0560273e+01
   6.0214791e+01
   6.0214791e+01
   6.2731451e+01
   5.6235111e+01
   5.9483281e+01
   5.9483281e+01
   4.9371790e+01
   6.3153955e+01
   4.8883517e+01
   4.8883517e+01
   5.6421254e+01
   4.9534548e+01
   6.1548336e+01
   6.7453704e+01
   6.5289367e+01
   5.2059049e+01
   4.9427675e+01
   5.4965057e+01
   6.7252891e+01
   6.1357522e+01
   4.8955475e+01
   4.8955475e+01
   5.9596775e+01
   5.4000194e+01
   6.0614216e+01
   5.2982753e+01
   4.6480792e+01
   5.8998443e+01
   6.1710962e+01
   6.1710962e+01
   6.6055202e+01
   6.6055202e+01
   5.8540735e+01
   6.4347309e+01
   5.9571635e+01
   5.9571635e+01
   5.9571635e+01
   5.9571635e+01
   4.7414405e+01
   4.7414405e+01
   5.6423915e+01
   5.6423915e+01
   5.1359919e+01
   5.1359919e+01
   5.5353243e+01
   5.5353243e+01
   6.1468457e+01
   6.1468457e+01
   6.1828309e+01
   5.3102468e+01
   5.8538101e+01
   4.7374388e+01
   4.5913654e+01
   5.9998835e+01
   6.0120825e+01
   6.0120825e+01
   5.6710942e+01
   4.8376854e+01
   6.4453912e+01
   6.4453912e+01
   4.8241854e+01
   6.2210915e+01
   6.2709148e+01
   6.2709148e+01
   6.2709148e+01
   6.2709148e+01
   7.0131010e+01
   7.0131010e+01
   6.3504875e+01
   6.3504875e+01
   5.9436899e+01
   5.9436899e+01
   5.9436899e+01
   5.9436899e+01
   5.4265550e+01
   6.2840509e+01
   7.0212974e+01
   5.8744527e+01
   5.8317108e+01
   5.8317108e+01
   6.5099465e+01
   6.5099465e+01
   6.0845473e+01
   4.9458130e+01
   6.2342058e+01
   6.2342058e+01
   6.2454466e+01
   6.2454466e+01
   5.2808437e+01
   5.9542625e+01
   6.8682750e+01
   6.0869042e+01
   4.9115566e+01
   4.9115566e+01
   6.0264727e+01
   4.9167755e+01
   5.4716241e+01
   5.4716241e+01
   6.1651337e+01
   6.1651337e+01
   6.1651337e+01
   6.1651337e+01
   5.0401548e+01
   5.9139205e+01
   4.9951061e+01
   4.9951061e+01
   6.1722742e+01
   6.1722742e+01
   6.1722742e+01
   6.1722742e+01
   6.9840899e+01
   5.9211711e+01
   6.4526305e+01
   6.4526305e+01
   6.1001893e+01
   6.1001893e+01
   6.1001893e+01
   6.1001893e+01
   5.9889267e+01
   5.9889267e+01
   5.9889267e+01
   5.9889267e+01
   5.8305169e+01
   5.8305169e+01
   5.3287797e+01
   5.3287797e+01
   6.1726517e+01
   6.1726517e+01
   6.6150992e+01
   6.6150992e+01
   6.7047849e+01
   6.7047849e+01
   6.7047849e+01
   6.7047849e+01
   4.7494882e+01
   4.7494882e+01
   4.7535700e+01
   5.6777852e+01
   6.6728030e+01
   6.6728030e+01
   6.6728030e+01
   6.6728030e+01
   6.5488844e+01
   6.5488844e+01
   6.5488844e+01
   6.5488844e+01
   6.4903729e+01
   6.4903729e+01
   6.4903729e+01
   6.4903729e+01
   6.1260798e+01
   6.1260798e+01
   5.5793159e+01
   5.5793159e+01
   5.7642844e+01
   4.4459235e+01
   5.1051040e+01
   5.1051040e+01
   5.7646093e+01
   5.7646093e+01
   5.7646093e+01
   5.7646093e+01
   4.9446227e+01
   5.6123810e+01
   6.5184073e+01
   6.5184073e+01
   6.0925752e+01
   6.0925752e+01
   6.5156281e+01
   5.6695222e+01
   6.1840968e+01
   7.0146487e+01
   6.5993727e+01
   6.5993727e+01
   6.8101975e+01
   6.8101975e+01
   6.1522314e+01
   6.1522314e+01
   6.2400911e+01
   6.2400911e+01
   5.6119795e+01
   4.7672495e+01
   5.8304071e+01
   5.8304071e+01
   5.8304071e+01
   5.8304071e+01
   5.2667927e+01
   6.1970642e+01
   6.5323217e+01
   5.8771116e+01
   6.1473236e+01
   6.7454958e+01
   6.0411144e+01
   6.0411144e+01
   5.9780367e+01
   5.2810850e+01
   5.6295608e+01
   5.6295608e+01
   5.9800051e+01
   5.9800051e+01
   5.8171245e+01
   5.1885753e+01
   4.9693793e+01
   5.5843332e+01
   6.2882036e+01
   5.6406436e+01
   5.7207189e+01
   5.7207189e+01
   6.5354832e+01
   5.7609204e+01
   6.2922053e+01
   6.2922053e+01
   5.2965675e+01
   6.1526961e+01
   5.8399574e+01
   5.8399574e+01
   6.0304446e+01
   6.6035561e+01
   6.4457269e+01
   6.4457269e+01
   5.9206584e+01
   5.1848284e+01
   5.3993053e+01
   6.3505951e+01
   6.4631713e+01
   6.4631713e+01
   4.8069143e+01
   4.8069143e+01
   6.1521837e+01
   6.1521837e+01
   6.0722362e+01
   6.0722362e+01
   5.2180754e+01
   5.2180754e+01
   4.7090316e+01
   5.8744723e+01
   6.4973219e+01
   6.4973219e+01
   6.8726242e+01
   5.7148330e+01
   5.1761636e+01
   5.1761636e+01
   6.2305205e+01
   6.2305205e+01
   6.2305205e+01
   6.2305205e+01
   6.7548936e+01
   6.7548936e+01
   5.9256974e+01
   5.9256974e+01
   5.0939539e+01
   5.0939539e+01
   4.5564467e+01
   4.5564467e+01
   5.6551245e+01
   6.2281170e+01
   7.1792711e+01
   6.4080941e+01
   5.7805954e+01
   5.7805954e+01
   6.3733845e+01
   6.3733845e+01
   6.2938186e+01
   6.9580678e+01
   5.7299173e+01
   5.7299173e+01
   5.8100990e+01
   6.4407224e+01
   6.5552558e+01
   6.5552558e+01
   6.0128287e+01
   6.0128287e+01
   6.4630609e+01
   6.4630609e+01
   6.7287079e+01
   6.7287079e+01
   6.7287079e+01
   6.7287079e+01
   5.9753462e+01
   5.9753462e+01
   6.5850040e+01
   6.5850040e+01
   6.5136096e+01
   6.5136096e+01
   6.5136096e+01
   6.5136096e+01
   7.3967556e+01
   6.5520838e+01
   5.6553781e+01
   5.6553781e+01
   5.6103160e+01
   5.6103160e+01
   6.1488090e+01
   6.1488090e+01
   6.6911217e+01
   6.6911217e+01
   5.3109530e+01
   6.3248995e+01
   6.6447071e+01
   5.7054599e+01
   5.8472932e+01
   6.5028739e+01
   6.6180330e+01
   4.6393931e+01
   4.6867125e+01
   4.6867125e+01
   6.0524548e+01
   6.0524548e+01
   5.1680452e+01
   5.1680452e+01
   4.7171736e+01
   5.5111954e+01
   6.2337146e+01
   6.2337146e+01
   6.7557954e+01
   6.7557954e+01
   6.7557954e+01
   6.7557954e+01
   6.3061561e+01
   6.3061561e+01
   6.3061561e+01
   6.3061561e+01
   5.9939756e+01
   5.9939756e+01
   5.6902836e+01
   6.2976676e+01
   6.1173022e+01
   4.7370591e+01
   5.4271807e+01
   5.4271807e+01
   5.8696048e+01
   5.8696048e+01
   6.1535181e+01
   5.5856914e+01
   5.8056808e+01
   4.6512504e+01
   4.8600165e+01
   5.5969147e+01
   5.8216658e+01
   5.8216658e+01
   5.8216658e+01
   5.8216658e+01
   6.0897925e+01
   6.0897925e+01
   6.0897925e+01
   6.0897925e+01
   6.2936117e+01
   4.7649909e+01
   4.9358370e+01
   6.1227655e+01
   6.3532821e+01
   7.1606417e+01
   6.8261220e+01
   5.6253960e+01
   5.4782941e+01
   6.1028287e+01
   6.6413517e+01
   6.6413517e+01
   6.7850589e+01
   6.7850589e+01
   6.3932802e+01
   6.3932802e+01
   5.9054665e+01
   5.9054665e+01
   5.4610031e+01
   6.3499300e+01
   6.3146233e+01
   6.3146233e+01
   5.2328361e+01
   5.2328361e+01
   5.8543629e+01
   5.8543629e+01
   5.8543629e+01
   5.8543629e+01
   6.2064288e+01
   6.2064288e+01
   5.8845364e+01
   6.5283213e+01
   6.1531782e+01
   6.7540724e+01
   5.7354759e+01
   5.7354759e+01
   6.2708086e+01
   6.2708086e+01
   6.6191631e+01
   5.9224541e+01
   6.4974668e+01
   6.4974668e+01
   6.3229614e+01
   4.7253598e+01
   5.3516565e+01
   5.3516565e+01
   5.8891132e+01
   5.8891132e+01
   6.4919870e+01
   6.4919870e+01
   6.4919870e+01
   6.4919870e+01
   6.6301852e+01
   5.9744960e+01
   5.6534301e+01
   5.6534301e+01
   5.8260661e+01
   5.1600542e+01
   4.5398863e+01
   4.5398863e+01
   4.8356768e+01
   4.8356768e+01
   6.2578798e+01
   6.2578798e+01
   5.7468694e+01
   5.1806131e+01
   5.6204102e+01
   6.3693724e+01
   6.2615893e+01
   5.3472437e+01
   5.4819455e+01
   6.1268875e+01
   6.5556064e+01
   6.5556064e+01
   6.5556064e+01
   6.5556064e+01
   5.6740259e+01
   5.6740259e+01
   6.3515815e+01
   6.3515815e+01
   4.9380572e+01
   5.9520144e+01
   6.7995786e+01
   6.7995786e+01
   6.4880610e+01
   4.6913894e+01
   4.5454817e+01
   4.5454817e+01
   4.8953772e+01
   5.6063591e+01
   4.5991489e+01
   4.5991489e+01
   5.0299861e+01
   5.6274357e+01
   6.2648427e+01
   6.2648427e+01
   5.6493387e+01
   6.2733696e+01
   6.3888982e+01
   6.3888982e+01
   6.9140597e+01
   6.9140597e+01
   6.1396872e+01
   4.7793559e+01
   4.4386705e+01
   5.0555589e+01
   6.1867276e+01
   5.4096448e+01
   5.9031120e+01
   5.9031120e+01
   5.9031120e+01
   5.9031120e+01
   5.7245820e+01
   5.7245820e+01
   6.2578770e+01
   5.1912871e+01
   6.0694429e+01
   6.0694429e+01
   5.7045553e+01
   6.4343304e+01
   5.7212469e+01
   4.5668822e+01
   6.2803761e+01
   6.2803761e+01
   5.9095606e+01
   5.9095606e+01
   4.7351956e+01
   4.7351956e+01
   5.5766959e+01
   4.5512549e+01
   4.4784677e+01
   4.4784677e+01
   4.9147364e+01
   5.5441332e+01
   6.0110287e+01
   6.0110287e+01
   6.1965022e+01
   4.9514252e+01
   4.5667640e+01
   4.5667640e+01
   5.9211240e+01
   5.9211240e+01
   4.8195017e+01
   5.3831958e+01
   5.5367731e+01
   6.1678381e+01
   5.9801164e+01
   4.8418180e+01
   5.8304115e+01
   5.8304115e+01
   6.4789499e+01
   5.1818731e+01
   4.9789808e+01
   5.7863879e+01
   5.9117371e+01
   5.9117371e+01
   6.2587465e+01
   4.3721063e+01
   4.9619260e+01
   5.6689267e+01
   5.7803864e+01
   5.7803864e+01
   5.7803864e+01
   5.7803864e+01
   5.8920314e+01
   5.2244598e+01
   5.5582456e+01
   5.5582456e+01
   5.9613996e+01
   5.9613996e+01
   5.9613996e+01
   5.9613996e+01
   5.7185246e+01
   5.7185246e+01
   5.0781075e+01
   5.0781075e+01
   4.5518297e+01
   4.5518297e+01
   5.1003271e+01
   5.9216065e+01
   6.5386584e+01
   6.5386584e+01
   4.7822104e+01
   4.7822104e+01
   5.6654875e+01
   5.6654875e+01
   4.7748489e+01
   4.7748489e+01
   5.7358293e+01
   4.8871223e+01
   4.7331559e+01
   4.7331559e+01
   4.5114101e+01
   5.7440826e+01
   5.7757815e+01
   4.4797112e+01
   4.8022081e+01
   5.9276167e+01
   4.5689783e+01
   4.5689783e+01
   5.0009882e+01
   5.0009882e+01
   5.9037725e+01
   5.9037725e+01
   4.8323819e+01
   4.8323819e+01
   6.1273279e+01
   4.8073888e+01
   4.4469488e+01
   5.0904153e+01
   5.9940093e+01
   5.9940093e+01
   5.7822572e+01
   4.5716927e+01
   4.6741124e+01
   4.6741124e+01
   4.9220445e+01
   5.9119727e+01
   5.9718645e+01
   4.8621528e+01
   4.6963272e+01
   4.6963272e+01
   6.0004293e+01
   6.0004293e+01
   5.7787486e+01
   5.7787486e+01
   6.1826361e+01
   6.1826361e+01
   5.7592811e+01
   5.7592811e+01
   5.7592811e+01
   5.7592811e+01
   5.8290679e+01
   6.8074249e+01
   6.2886769e+01
   4.8809749e+01
   5.5410219e+01
   5.5410219e+01
   5.7098258e+01
   6.3525425e+01
   5.9947728e+01
   6.7326918e+01
   6.3637323e+01
   6.3637323e+01
   5.4970974e+01
   6.4159330e+01
   6.6887038e+01
   5.2243266e+01
   5.4782144e+01
   4.8653669e+01
   5.1717907e+01
   5.1717907e+01
   5.3516595e+01
   6.4477131e+01
   5.3869911e+01
   6.4123814e+01
   5.9821821e+01
   5.9821821e+01
   5.9821821e+01
   5.9821821e+01
   6.5007374e+01
   5.0786350e+01
   6.2130721e+01
   6.2130721e+01
   6.1150062e+01
   6.7182636e+01
   5.7719249e+01
   5.7719249e+01
   6.0230724e+01
   6.0230724e+01
   6.4719023e+01
   6.4719023e+01
   4.7118943e+01
   4.7118943e+01
   5.7007958e+01
   5.7007958e+01
   6.5096524e+01
   5.3118025e+01
   5.6165462e+01
   6.2049087e+01
   6.2633657e+01
   6.9077003e+01
   6.0147684e+01
   6.0147684e+01
   6.4301427e+01
   6.4301427e+01
   6.4301427e+01
   6.4301427e+01
   5.5287087e+01
   4.8452619e+01
   5.7656041e+01
   6.4979971e+01
   5.9125864e+01
   5.9125864e+01
   5.0241681e+01
   5.0241681e+01
   5.5654746e+01
   5.5654746e+01
   6.3607654e+01
   6.3607654e+01
   4.5519702e+01
   5.4872600e+01
   6.3240134e+01
   6.3240134e+01
   6.7867220e+01
   5.9088263e+01
   6.8075807e+01
   5.8879676e+01
   6.2918392e+01
   6.2918392e+01
   5.0930855e+01
   5.0930855e+01
   5.8476673e+01
   6.5947134e+01
   6.2211903e+01
   6.2211903e+01
   6.0083621e+01
   6.0083621e+01
   6.0083621e+01
   6.0083621e+01
   5.3688809e+01
   5.3688809e+01
   4.6681825e+01
   6.0695793e+01
   5.4921611e+01
   6.0670487e+01
   6.1461025e+01
   5.4131074e+01
   5.7405464e+01
   5.7405464e+01
   4.7906602e+01
   4.7906602e+01
   5.4678562e+01
   6.1452993e+01
   5.1972302e+01
   5.1972302e+01
   6.0533495e+01
   6.0533495e+01
   6.0533495e+01
   6.0533495e+01
   6.3956850e+01
   7.2522279e+01
   5.8515779e+01
   5.8515779e+01
   6.3097513e+01
   6.3097513e+01
   6.8063550e+01
   5.8131475e+01
   4.9778099e+01
   5.5918236e+01
   6.2492164e+01
   6.2492164e+01
   5.5090056e+01
   5.5090056e+01
   5.0168926e+01
   5.0168926e+01
   5.3704866e+01
   5.9936699e+01
   5.3352365e+01
   6.0289200e+01
   5.9887934e+01
   5.9887934e+01
   5.1302514e+01
   5.1302514e+01
   5.1948648e+01
   5.8211731e+01
   6.5038489e+01
   6.5038489e+01
   6.2146767e+01
   6.2146767e+01
   5.9279060e+01
   6.5014473e+01
   6.1188828e+01
   6.1188828e+01
   6.1188828e+01
   6.1188828e+01
   6.2387582e+01
   6.2387582e+01
   6.2387582e+01
   6.2387582e+01
   4.9678031e+01
   4.9678031e+01
   4.5593346e+01
   4.5593346e+01
   4.7374437e+01
   5.3279407e+01
   5.7028590e+01
   5.7028590e+01
   5.1832160e+01
   5.7727529e+01
   6.1579653e+01
   6.1579653e+01
   6.3850897e+01
   5.8102918e+01
   6.0976907e+01
   6.0976907e+01
   6.4515770e+01
   6.4515770e+01
   6.4515770e+01
   6.4515770e+01
   6.2260637e+01
   5.2046281e+01
   4.8907702e+01
   6.5399215e+01
   5.3050188e+01
   4.6052175e+01
   4.6420901e+01
   5.2681462e+01
   4.8437227e+01
   4.8437227e+01
   6.1475855e+01
   6.1475855e+01
   6.1832444e+01
   6.1832444e+01
   4.8224556e+01
   4.8224556e+01
   5.5970127e+01
   5.5970127e+01
   6.3368975e+01
   6.3368975e+01
   5.8380919e+01
   5.8380919e+01
   5.8380919e+01
   5.8380919e+01
   6.6200993e+01
   5.6363347e+01
   4.7542058e+01
   4.7542058e+01
   6.0797708e+01
   6.0797708e+01
   6.0797708e+01
   6.0797708e+01
   4.7306160e+01
   4.7306160e+01
   4.7306160e+01
   4.7306160e+01
   5.3231139e+01
   5.3231139e+01
   5.9871085e+01
   5.9871085e+01
   6.5095055e+01
   6.5095055e+01
   6.4927208e+01
   5.0639896e+01
   5.1434319e+01
   5.7395657e+01
   5.7490211e+01
   5.1339765e+01
   5.2177756e+01
   4.3486122e+01
   4.8143250e+01
   6.1196899e+01
   5.5327434e+01
   5.5327434e+01
   5.5327434e+01
   5.5327434e+01
   6.2891766e+01
   5.7193535e+01
   6.4901032e+01
   5.5184269e+01
   6.2294742e+01
   6.2294742e+01
   5.5409678e+01
   4.7507256e+01
   5.8605746e+01
   5.8605746e+01
   6.2648185e+01
   6.2648185e+01
   6.0385322e+01
   6.0385322e+01
   6.0385322e+01
   6.0385322e+01
   5.8247523e+01
   5.8247523e+01
   5.6261583e+01
   4.5628856e+01
   4.8652423e+01
   6.2948594e+01
   6.4075798e+01
   6.4075798e+01
   6.7357939e+01
   4.8177453e+01
   4.6742201e+01
   4.6742201e+01
   5.2360864e+01
   5.8562326e+01
   5.2515989e+01
   5.8407201e+01
   5.0024705e+01
   5.5726367e+01
   6.0618480e+01
   6.0618480e+01
   5.5537983e+01
   4.9113477e+01
   4.7059594e+01
   5.7591866e+01
   6.3943406e+01
   5.0148110e+01
   5.7391270e+01
   4.8297206e+01
   4.7706934e+01
   4.7706934e+01
   5.1081991e+01
   4.4331876e+01
   4.6210377e+01
   4.6210377e+01
   6.0070032e+01
   4.7712338e+01
   4.3650051e+01
   4.9293552e+01
   5.6108654e+01
   5.6108654e+01
   5.9330455e+01
   4.9220742e+01
   5.2672611e+01
   4.4574176e+01
   4.8284433e+01
   5.6176000e+01
   4.6030202e+01
   4.6030202e+01
   5.8364543e+01
   4.7357907e+01
   4.8727019e+01
   5.6995432e+01
   5.2161746e+01
   5.2161746e+01
   6.4034621e+01
   6.4034621e+01
   6.2942358e+01
   5.2366859e+01
   5.4413368e+01
   6.0895849e+01
   5.1193857e+01
   4.2968855e+01
   4.7081356e+01
   4.7081356e+01
   5.1542467e+01
   5.9365582e+01
   4.4511945e+01
   5.7718490e+01
   5.9596904e+01
   5.9596904e+01
   4.7434532e+01
   4.7434532e+01
   4.9223377e+01
   4.9223377e+01
   4.8457710e+01
   6.0212621e+01
   5.8216720e+01
   5.8216720e+01
   5.8216720e+01
   5.8216720e+01
   5.7091695e+01
   4.8594062e+01
   5.2842878e+01
   5.2842878e+01
   5.2468924e+01
   5.2468924e+01
   6.2016117e+01
   7.1098188e+01
   6.2359106e+01
   6.2359106e+01
   5.5562642e+01
   5.5562642e+01
   6.0867313e+01
   6.7193512e+01
   6.8743360e+01
   5.9317464e+01
   4.9726244e+01
   4.9726244e+01
   5.7876759e+01
   5.7876759e+01
   6.2415081e+01
   6.2415081e+01
   5.3751559e+01
   4.5760884e+01
   4.9261618e+01
   5.6735299e+01
   6.0584509e+01
   7.1246615e+01
   6.0805018e+01
   5.1826773e+01
   5.0421458e+01
   6.2210332e+01
   6.0619082e+01
   4.4926305e+01
   4.8850732e+01
   6.6461350e+01
   6.5874593e+01
   5.0988264e+01
   5.8431429e+01
   5.8431429e+01
   6.2731442e+01
   5.0056778e+01
   4.6340931e+01
   4.6340931e+01
   5.5252870e+01
   5.5252870e+01
   6.3507742e+01
   6.3507742e+01
   5.9754581e+01
   6.7542377e+01
   6.3648479e+01
   6.3648479e+01
   5.6290873e+01
   5.6290873e+01
   6.1227182e+01
   6.1227182e+01
   5.6491734e+01
   6.4986029e+01
   6.3928748e+01
   5.7549015e+01
   6.3758318e+01
   5.3119935e+01
   5.8439127e+01
   5.8439127e+01
   6.4202057e+01
   6.4202057e+01
   6.4202057e+01
   6.4202057e+01
   4.8967560e+01
   4.8967560e+01
   5.6539765e+01
   6.5566006e+01
   5.9384497e+01
   5.9384497e+01
   5.3170251e+01
   5.3170251e+01
   4.6005074e+01
   4.6005074e+01
   4.8843526e+01
   5.4417614e+01
   6.2014614e+01
   4.8781854e+01
   4.6482548e+01
   4.6482548e+01
   4.8974013e+01
   4.8974013e+01
   6.3540440e+01
   5.4495193e+01
   5.2776873e+01
   6.1900171e+01
   4.6544181e+01
   4.6544181e+01
   4.7538726e+01
   4.7538726e+01
   4.7538726e+01
   4.7538726e+01
   5.6501335e+01
   6.4946962e+01
   4.7183343e+01
   5.5846717e+01
   5.8823213e+01
   5.8823213e+01
   4.6749236e+01
   4.6749236e+01
   5.6487423e+01
   5.6487423e+01
   5.6487423e+01
   5.6487423e+01
   4.6972578e+01
   4.6972578e+01
   6.0968905e+01
   6.0968905e+01
   4.7426633e+01
   4.7426633e+01
   5.8956956e+01
   4.7732504e+01
   4.7506363e+01
   4.7506363e+01
   5.6113774e+01
   4.9361252e+01
   4.7250977e+01
   4.7250977e+01
   4.7250977e+01
   4.7250977e+01
   4.9190268e+01
   4.9190268e+01
   5.8062304e+01
   5.8062304e+01
   6.4487962e+01
   6.4487962e+01
   5.8304730e+01
   5.8304730e+01
   4.8061006e+01
   4.8061006e+01
   5.5762197e+01
   5.5762197e+01
   6.3222641e+01
   6.3222641e+01
   4.5384813e+01
   4.5384813e+01
   5.0646921e+01
   5.9227079e+01
   6.5087108e+01
   6.5087108e+01
   5.9218370e+01
   5.9218370e+01
   5.9218370e+01
   5.9218370e+01
   4.7893924e+01
   5.6925813e+01
   5.9962404e+01
   5.9962404e+01
   6.5302994e+01
   6.5302994e+01
   6.5302994e+01
   6.5302994e+01
   4.6097054e+01
   5.9734422e+01
   6.2607355e+01
   5.5836295e+01
   4.5977504e+01
   4.5977504e+01
   5.2613284e+01
   5.2613284e+01
   5.6406778e+01
   5.6406778e+01
   5.6406778e+01
   5.6406778e+01
   5.8030556e+01
   4.9101509e+01
   4.4890863e+01
   6.2241203e+01
   6.4165179e+01
   6.4165179e+01
   5.9161352e+01
   5.3393896e+01
   4.5766197e+01
   5.2307008e+01
   6.2922618e+01
   6.2922618e+01
   6.5825541e+01
   4.6949160e+01
   4.7328079e+01
   4.7328079e+01
   5.9047907e+01
   6.6180330e+01
   4.8087568e+01
   5.5290785e+01
   5.8593111e+01
   5.8593111e+01
   5.8593111e+01
   5.8593111e+01
   5.0482963e+01
   5.0482963e+01
   5.1921141e+01
   6.0025980e+01
   5.9465947e+01
   6.6539411e+01
   6.2890557e+01
   5.4786225e+01
   5.2751564e+01
   5.8960913e+01
   6.0637168e+01
   6.0637168e+01
   6.6624088e+01
   6.6624088e+01
   6.6624088e+01
   6.6624088e+01
   6.6406728e+01
   6.6406728e+01
   6.6406728e+01
   6.6406728e+01
   5.6173365e+01
   4.6270545e+01
   4.8044261e+01
   5.4399648e+01
   5.6952497e+01
   5.6952497e+01
   6.1210620e+01
   5.2694374e+01
   6.0865822e+01
   6.0865822e+01
   6.0677767e+01
   4.8072834e+01
   4.6324655e+01
   4.6324655e+01
   5.7182622e+01
   5.7182622e+01
   4.7268927e+01
   4.7268927e+01
   5.4475826e+01
   5.4475826e+01
   5.9660026e+01
   5.9660026e+01
   5.7410148e+01
   4.7815639e+01
   4.4309742e+01
   4.4309742e+01
   5.3124585e+01
   6.1211887e+01
   5.6443142e+01
   5.6443142e+01
   5.6443142e+01
   5.6443142e+01
   6.1678428e+01
   5.0297098e+01
   5.5987763e+01
   5.5987763e+01
   5.6034422e+01
   5.6034422e+01
   5.6034422e+01
   5.6034422e+01
   6.6056350e+01
   5.8636858e+01
   5.8763592e+01
   6.5929615e+01
   6.1346592e+01
   6.1346592e+01
   5.3590658e+01
   5.3590658e+01
   5.2831053e+01
   5.9120292e+01
   5.5975672e+01
   5.5975672e+01
   6.1137573e+01
   7.0147042e+01
   5.7687725e+01
   5.7687725e+01
   5.3986382e+01
   5.3986382e+01
   5.8992615e+01
   5.8992615e+01
   6.2415151e+01
   6.2415151e+01
   6.2415151e+01
   6.2415151e+01
   5.1425422e+01
   5.1425422e+01
   5.1425422e+01
   5.1425422e+01
   5.8608372e+01
   5.8608372e+01
   5.2851354e+01
   6.4365390e+01
   6.1665267e+01
   5.4517979e+01
   4.6368719e+01
   4.6368719e+01
   4.9409209e+01
   4.9409209e+01
   5.4341064e+01
   5.4341064e+01
   5.3661319e+01
   5.9954272e+01
   5.2539442e+01
   4.4582875e+01
   5.7047081e+01
   5.7047081e+01
   5.7047081e+01
   5.7047081e+01
   6.5065828e+01
   6.5065828e+01
   6.2783647e+01
   5.5025977e+01
   5.7138800e+01
   6.3150577e+01
   6.4106739e+01
   6.4106739e+01
   5.0996064e+01
   5.0996064e+01
   5.5993873e+01
   4.5998254e+01
   4.7860478e+01
   5.8541568e+01
   4.7987647e+01
   5.8414400e+01
   4.3190368e+01
   5.8191153e+01
   5.5515531e+01
   4.5865990e+01
   5.3001679e+01
   5.3001679e+01
   6.5010429e+01
   5.4194805e+01
   4.9516178e+01
   5.5529652e+01
   5.6987849e+01
   5.6987849e+01
   6.0946323e+01
   6.6683977e+01
   5.9009500e+01
   5.9009500e+01
   5.4819130e+01
   5.4819130e+01
   5.4819130e+01
   5.4819130e+01
   5.5892055e+01
   5.5892055e+01
   6.1275526e+01
   5.0508584e+01
   6.5097677e+01
   5.2297313e+01
   5.4106779e+01
   6.3288211e+01
   5.9173876e+01
   5.9173876e+01
   5.1755890e+01
   5.1755890e+01
   5.7657290e+01
   5.7657290e+01
   5.4397508e+01
   6.0917073e+01
   6.6309327e+01
   6.6309327e+01
   6.6309327e+01
   6.6309327e+01
   5.8230889e+01
   5.8230889e+01
   6.3781720e+01
   6.3781720e+01
   6.5103558e+01
   6.5103558e+01
   6.5103558e+01
   6.5103558e+01
   5.5425106e+01
   5.5425106e+01
   6.2427469e+01
   6.2427469e+01
   6.3723983e+01
   6.3723983e+01
   4.8367675e+01
   4.8367675e+01
   6.2137335e+01
   6.8596792e+01
   6.8451192e+01
   6.2282934e+01
   5.2491453e+01
   5.2491453e+01
   4.4800585e+01
   5.1356498e+01
   5.6825589e+01
   4.9862405e+01
   5.8284734e+01
   5.8284734e+01
   6.2085168e+01
   6.2085168e+01
   4.5598505e+01
   6.2111387e+01
   6.6063880e+01
   5.6012674e+01
   6.1038277e+01
   6.1038277e+01
   6.4042130e+01
   5.5009764e+01
   5.3166153e+01
   5.3166153e+01
   4.5971833e+01
   5.7493785e+01
   6.6155611e+01
   6.6155611e+01
   5.7790396e+01
   5.7790396e+01
   5.3441514e+01
   5.3441514e+01
   6.3779210e+01
   6.3779210e+01
   4.8733069e+01
   5.7859381e+01
   5.7004972e+01
   5.7004972e+01
   6.4078582e+01
   4.9931362e+01
   6.1215044e+01
   6.1215044e+01
   5.1691243e+01
   5.7622586e+01
   6.4818161e+01
   6.4818161e+01
   5.4690905e+01
   5.4690905e+01
   5.2370133e+01
   5.2370133e+01
   5.2370133e+01
   5.2370133e+01
   5.4404341e+01
   6.1768250e+01
   5.8086295e+01
   5.8086295e+01
   6.0288714e+01
   6.0288714e+01
   6.0288714e+01
   6.0288714e+01
   5.9248990e+01
   5.9248990e+01
   5.9248990e+01
   5.9248990e+01
   6.1683362e+01
   6.1683362e+01
   5.2213980e+01
   5.2213980e+01
   4.7830477e+01
   4.7830477e+01
   5.7129023e+01
   5.7129023e+01
   5.8826480e+01
   5.2618333e+01
   4.9226852e+01
   6.2217961e+01
   6.2573088e+01
   6.2573088e+01
   6.2573088e+01
   6.2573088e+01
   6.6352022e+01
   4.5073500e+01
   4.9818208e+01
   6.1607313e+01
   6.4427464e+01
   6.4427464e+01
   5.8755603e+01
   5.8755603e+01
   6.2301665e+01
   6.2301665e+01
   6.8182293e+01
   5.6421037e+01
   5.0135748e+01
   5.0135748e+01
   5.5267367e+01
   5.5267367e+01
   5.8691295e+01
   6.6622937e+01
   5.5551142e+01
   4.9687939e+01
   5.3866818e+01
   5.3866818e+01
   6.3151802e+01
   6.3151802e+01
   5.6361745e+01
   5.6361745e+01
   5.6361745e+01
   5.6361745e+01
   4.5771215e+01
   4.5771215e+01
   4.9319099e+01
   5.6141242e+01
   5.9919152e+01
   5.9919152e+01
   6.6004817e+01
   6.6004817e+01
   6.1692922e+01
   4.5594054e+01
   5.3643488e+01
   5.3643488e+01
   4.9103650e+01
   5.6008239e+01
   6.3071931e+01
   6.3071931e+01
   5.9898711e+01
   5.9898711e+01
   6.4886825e+01
   5.4910597e+01
   4.8229527e+01
   5.4586767e+01
   5.1408147e+01
   5.1408147e+01
   5.0839916e+01
   5.7128063e+01
   5.1811090e+01
   4.5919657e+01
   4.9682289e+01
   5.6237368e+01
   4.6661910e+01
   5.9257747e+01
   5.7864465e+01
   5.7864465e+01
   6.2501249e+01
   6.2501249e+01
   6.6489559e+01
   6.6489559e+01
   5.0735911e+01
   6.1553145e+01
   5.5904346e+01
   4.6407902e+01
   5.8937253e+01
   6.5574379e+01
   6.1962886e+01
   5.5202433e+01
   5.8582660e+01
   5.8582660e+01
   5.3175599e+01
   6.3201787e+01
   5.8188693e+01
   5.8188693e+01
   6.4297994e+01
   6.4297994e+01
   6.4297994e+01
   6.4297994e+01
   5.7693510e+01
   4.8174944e+01
   4.7554621e+01
   4.7554621e+01
   6.6364338e+01
   6.6364338e+01
   6.6364338e+01
   6.6364338e+01
   5.6789561e+01
   4.8092828e+01
   4.7140885e+01
   4.7140885e+01
   5.7046821e+01
   5.7046821e+01
   5.7046821e+01
   5.7046821e+01
   6.2652712e+01
   6.2652712e+01
   5.0514075e+01
   5.0514075e+01
   6.3491474e+01
   4.8373848e+01
   4.7665876e+01
   4.7665876e+01
   6.2171655e+01
   6.8422107e+01
   6.3605160e+01
   5.4609310e+01
   5.3826439e+01
   6.4503996e+01
   6.3308263e+01
   5.5022172e+01
   5.3055824e+01
   5.3055824e+01
   6.7429714e+01
   6.7429714e+01
   5.6211520e+01
   5.6211520e+01
   6.4343660e+01
   5.7149844e+01
   6.3127502e+01
   6.3127502e+01
   6.3127502e+01
   6.3127502e+01
   5.1976984e+01
   6.3888741e+01
   5.7932862e+01
   5.7932862e+01
   4.6501088e+01
   4.6501088e+01
   4.7657565e+01
   5.6890440e+01
   4.9252747e+01
   4.9252747e+01
   5.6919426e+01
   5.1153762e+01
   5.4388317e+01
   5.4388317e+01
   6.1850857e+01
   5.5782571e+01
   6.2714919e+01
   6.2714919e+01
   5.8217170e+01
   5.8217170e+01
   6.6152286e+01
   6.6152286e+01
   5.2115254e+01
   5.2115254e+01
   5.0062633e+01
   5.0062633e+01
   5.8716756e+01
   6.5929285e+01
   6.2283084e+01
   6.2283084e+01
   6.2283084e+01
   6.2283084e+01
   6.3808887e+01
   5.4299647e+01
   6.2892006e+01
   5.5216527e+01
   6.0875829e+01
   6.0875829e+01
   6.0875829e+01
   6.0875829e+01
   4.7762872e+01
   4.7762872e+01
   5.7017890e+01
   5.7017890e+01
   4.7175314e+01
   5.7254231e+01
   6.3119548e+01
   6.3119548e+01
   6.1276550e+01
   6.1276550e+01
   6.1276550e+01
   6.1276550e+01
   5.8906860e+01
   5.8906860e+01
   6.3927399e+01
   5.3886320e+01
   5.8236398e+01
   6.6657285e+01
   6.2446842e+01
   6.2446842e+01
   5.9074609e+01
   5.9074609e+01
   5.3538989e+01
   5.3538989e+01
   5.5685428e+01
   5.5685428e+01
   5.5685428e+01
   5.5685428e+01
   6.0027833e+01
   6.0027833e+01
   6.0027833e+01
   6.0027833e+01
   5.6529216e+01
   6.3163173e+01
   5.9846194e+01
   5.9846194e+01
   6.5754315e+01
   6.5754315e+01
   6.5754315e+01
   6.5754315e+01
   5.9500345e+01
   5.9500345e+01
   5.3086712e+01
   5.3086712e+01
   6.6056621e+01
   6.6056621e+01
   6.6056621e+01
   6.6056621e+01
   7.0199774e+01
   5.6545341e+01
   5.5040921e+01
   5.5040921e+01
   6.3064407e+01
   6.3064407e+01
   5.9081440e+01
   5.9081440e+01
   6.6692622e+01
   6.6692622e+01
   6.2660548e+01
   6.2660548e+01
   5.9818227e+01
   5.9818227e+01
   6.3741589e+01
   6.3741589e+01
   6.8608393e+01
   6.8608393e+01
   6.2486777e+01
   6.2486777e+01
   5.5197111e+01
   4.5205881e+01
   4.7409601e+01
   6.1912331e+01
   5.6432431e+01
   5.6432431e+01
   6.3345355e+01
   6.3345355e+01
   6.3850201e+01
   7.0765340e+01
   5.7773133e+01
   6.7646905e+01
   6.5078983e+01
   6.5078983e+01
   6.5078983e+01
   6.5078983e+01
   7.3273847e+01
   7.3273847e+01
   7.3732756e+01
   5.9879850e+01
   5.8229331e+01
   6.6510737e+01
   6.2370034e+01
   6.2370034e+01
   7.3983667e+01
   6.6591052e+01
   6.4639741e+01
   6.4639741e+01
   5.8888587e+01
   6.5576135e+01
   6.6869370e+01
   6.6869370e+01
   6.7421280e+01
   6.7421280e+01
   6.0766782e+01
   6.0766782e+01
   6.6745217e+01
   6.6745217e+01
   7.0594837e+01
   6.2895596e+01
   5.5473448e+01
   4.7385872e+01
   5.4977564e+01
   6.4393039e+01
   6.7879607e+01
   6.7879607e+01
   5.9956897e+01
   5.9956897e+01
   6.3474542e+01
   6.3474542e+01
   6.3474542e+01
   6.3474542e+01
   6.2316298e+01
   5.0954128e+01
   6.2164078e+01
   6.2164078e+01
   5.8820240e+01
   5.8820240e+01
   6.1062798e+01
   6.9311701e+01
   6.2974141e+01
   6.2974141e+01
   5.4467796e+01
   6.1586725e+01
   6.7551161e+01
   5.5428693e+01
   6.3126080e+01
   6.9243073e+01
   6.2543635e+01
   6.2543635e+01
   6.8390439e+01
   6.8390439e+01
   5.9704084e+01
   5.0078895e+01
   4.5712669e+01
   5.5934474e+01
   6.1048193e+01
   6.1048193e+01
   5.6229234e+01
   5.6229234e+01
   6.0125615e+01
   6.6795594e+01
   5.4438941e+01
   6.2006655e+01
   6.4380972e+01
   6.4380972e+01
   6.7718259e+01
   6.1043685e+01
   6.5223987e+01
   6.5223987e+01
   6.5223987e+01
   6.5223987e+01
   6.6808150e+01
   7.2685790e+01
   7.3839105e+01
   6.5654834e+01
   5.9010641e+01
   5.9010641e+01
   6.3338705e+01
   6.3338705e+01
   6.4883749e+01
   6.4883749e+01
   5.7357457e+01
   6.4561116e+01
   6.2381800e+01
   6.2381800e+01
   6.2381800e+01
   6.2381800e+01
   6.4605561e+01
   6.4605561e+01
   6.4605561e+01
   6.4605561e+01
   6.4541763e+01
   6.4541763e+01
   5.8661024e+01
   5.8661024e+01
   6.5570288e+01
   6.5570288e+01
   6.3073492e+01
   5.6448146e+01
   5.6090735e+01
   5.6090735e+01
   6.0972668e+01
   6.6512445e+01
   6.6612418e+01
   6.6612418e+01
   6.6612418e+01
   6.6612418e+01
   7.1280923e+01
   7.1280923e+01
   7.1280923e+01
   7.1280923e+01
   6.2902947e+01
   5.7326144e+01
   6.0114545e+01
   6.0114545e+01
   6.5669322e+01
   6.5669322e+01
   6.5669322e+01
   6.5669322e+01
   4.9629925e+01
   6.6434586e+01
   6.5499936e+01
   6.5499936e+01
   6.0576653e+01
   6.0576653e+01
   6.0576653e+01
   6.0576653e+01
   5.7517675e+01
   5.7517675e+01
   5.7517675e+01
   5.7517675e+01
   6.2898036e+01
   6.9044579e+01
   6.8754496e+01
   6.3188119e+01
   6.8693813e+01
   6.8693813e+01
   6.5639099e+01
   7.1748528e+01
   6.2742260e+01
   6.2742260e+01
   6.6971619e+01
   5.8512901e+01
   5.6515796e+01
   5.6515796e+01
   6.5696139e+01
   6.5696139e+01
   6.7957123e+01
   7.3917099e+01
   7.3768545e+01
   6.8105676e+01
   6.7527664e+01
   6.7527664e+01
   6.7527664e+01
   6.7527664e+01
   6.3137726e+01
   6.3137726e+01
   6.3137726e+01
   6.3137726e+01
   6.6030160e+01
   6.6030160e+01
   7.0272691e+01
   7.0272691e+01
   6.6249090e+01
   5.8522521e+01
   5.7177886e+01
   5.7177886e+01
   6.6035402e+01
   6.6035402e+01
   6.3154941e+01
   6.8915862e+01
   6.3847584e+01
   6.3847584e+01
   6.7767203e+01
   6.7767203e+01
   6.2239244e+01
   5.6201174e+01
   6.2262904e+01
   6.7845244e+01
   6.5877268e+01
   5.8764511e+01
   5.0261733e+01
   5.0261733e+01
   5.9135365e+01
   5.9135365e+01
   4.8703205e+01
   4.8703205e+01
   5.0804117e+01
   5.0804117e+01
   5.1022786e+01
   6.0428191e+01
   6.8501559e+01
   6.2265423e+01
   6.1131541e+01
   6.1131541e+01
   5.6803546e+01
   5.6803546e+01
   5.6803546e+01
   5.6803546e+01
   5.7593901e+01
   4.8852109e+01
   4.5964885e+01
   4.5964885e+01
   5.3195302e+01
   6.0204422e+01
   5.6699862e+01
   5.6699862e+01
   6.7373978e+01
   6.7373978e+01
   5.9518087e+01
   6.6864393e+01
   6.9235424e+01
   6.3108825e+01
   5.7379278e+01
   5.7379278e+01
   6.3925540e+01
   6.3925540e+01
   5.8199575e+01
   5.8199575e+01
   4.9440449e+01
   4.9440449e+01
   6.1927001e+01
   6.1927001e+01
   6.2010636e+01
   5.1236125e+01
   5.6623381e+01
   5.6623381e+01
   6.1382623e+01
   6.1382623e+01
   5.7019018e+01
   5.7019018e+01
   5.9589979e+01
   6.5407290e+01
   6.6036220e+01
   5.8961050e+01
   4.6440555e+01
   4.6440555e+01
   4.8322754e+01
   5.8159536e+01
   6.4487745e+01
   4.9506872e+01
   5.6997309e+01
   5.6997309e+01
   6.0333992e+01
   4.3807211e+01
   5.7542758e+01
   4.6598444e+01
   4.9200737e+01
   4.9200737e+01
   5.8121481e+01
   5.8121481e+01
   5.6498621e+01
   6.5166096e+01
   6.0832359e+01
   6.0832359e+01
   5.0338700e+01
   5.0338700e+01
   5.9169521e+01
   6.8527677e+01
   6.1112203e+01
   6.1112203e+01
   5.6798077e+01
   4.8069297e+01
   4.5731906e+01
   5.6076137e+01
   4.7524750e+01
   5.4283293e+01
   6.2512700e+01
   6.2512700e+01
   7.2735860e+01
   6.5645052e+01
   6.2201079e+01
   5.4909129e+01
   5.0149187e+01
   5.0149187e+01
   5.3365210e+01
   5.3365210e+01
   6.0858504e+01
   6.6540769e+01
   6.0787698e+01
   6.0787698e+01
   6.5045442e+01
   5.6529954e+01
   5.3829770e+01
   5.3829770e+01
   6.2294552e+01
   6.2294552e+01
   5.9825304e+01
   4.7710927e+01
   5.3768115e+01
   5.3768115e+01
   5.0008268e+01
   6.3744819e+01
   6.7559558e+01
   6.7559558e+01
   4.8224883e+01
   4.8224883e+01
   4.8224883e+01
   4.8224883e+01
   6.3035661e+01
   6.3035661e+01
   6.3035661e+01
   6.3035661e+01
   5.7873832e+01
   6.4695417e+01
   6.7273225e+01
   6.7273225e+01
   6.7181615e+01
   6.7181615e+01
   5.9541294e+01
   5.9541294e+01
   5.7132551e+01
   5.7132551e+01
   6.5160745e+01
   6.5160745e+01
   5.8109384e+01
   5.8109384e+01
   6.0314026e+01
   6.6245180e+01
   6.6533752e+01
   6.6533752e+01
   7.0739472e+01
   6.2328032e+01
   6.1264954e+01
   6.1264954e+01
   5.0385193e+01
   4.3460902e+01
   4.8325319e+01
   5.7165009e+01
   5.2745164e+01
   5.2745164e+01
   4.5687300e+01
   4.5687300e+01
   5.1512230e+01
   5.1512230e+01
   5.7830615e+01
   5.7830615e+01
   5.1982269e+01
   5.1982269e+01
   5.3834162e+01
   5.3834162e+01
   5.9557444e+01
   5.9557444e+01
   5.7769787e+01
   5.7769787e+01
   5.0903700e+01
   5.0903700e+01
