   4.8102459e+01
   4.8102459e+01
   5.4774466e+01
   5.4774466e+01
   5.2130432e+01
   5.2130432e+01
   5.8129873e+01
   5.8129873e+01
   5.8284657e+01
   5.8284657e+01
   5.6734208e+01
   4.9446227e+01
   5.7474241e+01
   5.7474241e+01
   4.6972834e+01
   4.6972834e+01
   5.8611358e+01
   5.8611358e+01
   5.8611358e+01
   5.8611358e+01
   5.3443661e+01
   5.3443661e+01
   5.7406742e+01
   5.7406742e+01
   5.2257248e+01
   5.2257248e+01
   6.1029258e+01
   6.1029258e+01
   5.8975052e+01
   5.8975052e+01
   6.0856998e+01
   4.7765910e+01
   5.1458530e+01
   5.1458530e+01
   5.1458530e+01
   5.1458530e+01
   4.7601329e+01
   4.7601329e+01
   5.5315732e+01
   5.5315732e+01
   5.5966558e+01
   6.5052682e+01
   6.0509620e+01
   6.0509620e+01
   6.0509620e+01
   6.0509620e+01
   6.0509620e+01
   6.0509620e+01
   5.9034380e+01
   6.5983615e+01
   6.3848427e+01
   5.1578972e+01
   4.7197394e+01
   4.7197394e+01
   6.0689707e+01
   6.0689707e+01
   5.9061962e+01
   5.9061962e+01
   5.9279715e+01
   4.8372997e+01
   5.4938299e+01
   4.6887888e+01
   5.0913094e+01
   5.0913094e+01
   5.5134818e+01
   6.3139770e+01
   6.3626850e+01
   5.4647738e+01
   4.5855471e+01
   4.5855471e+01
   4.8003412e+01
   5.3992914e+01
   4.6522677e+01
   4.6522677e+01
   4.8839711e+01
   6.1891069e+01
   6.4360438e+01
   5.2533798e+01
   5.8447118e+01
   5.8447118e+01
   6.3016897e+01
   6.3016897e+01
   6.3016897e+01
   6.3016897e+01
   4.7236127e+01
   4.7236127e+01
   5.9656263e+01
   5.9656263e+01
   6.3307909e+01
   5.5372566e+01
   5.6225898e+01
   6.2454578e+01
   6.4479512e+01
   6.4479512e+01
   5.4200964e+01
   5.4200964e+01
   6.0744342e+01
   6.0744342e+01
   6.5319043e+01
   6.5319043e+01
   5.7946410e+01
   5.7946410e+01
   5.7946410e+01
   5.7946410e+01
   5.9689275e+01
   4.7173335e+01
   4.9472026e+01
   5.7390585e+01
   5.9737645e+01
   5.9737645e+01
   5.9737645e+01
   5.9737645e+01
   5.5208795e+01
   4.8829630e+01
   4.5957315e+01
   4.5957315e+01
   5.6574443e+01
   4.9103751e+01
   4.5137431e+01
   4.5137431e+01
   4.6689671e+01
   4.6689671e+01
   5.7387056e+01
   6.5056016e+01
   6.1864866e+01
   4.6046341e+01
   5.1034469e+01
   5.6876738e+01
   5.8116548e+01
   4.8201207e+01
   4.9107232e+01
   5.7210522e+01
   6.1332588e+01
   5.3090411e+01
   4.6273883e+01
   5.1938626e+01
   5.9217879e+01
   5.9217879e+01
   4.7396466e+01
   4.7396466e+01
   4.3500582e+01
   5.0139691e+01
   5.9794209e+01
   5.9794209e+01
   6.2731451e+01
   5.6235111e+01
   5.9483281e+01
   5.9483281e+01
   4.9371790e+01
   6.3153955e+01
   4.8883517e+01
   4.8883517e+01
   5.6421254e+01
   4.9534548e+01
   6.1548336e+01
   6.7453704e+01
   6.5289367e+01
   5.2059049e+01
   4.9427675e+01
   5.4965057e+01
   6.7336963e+01
   6.1441594e+01
   4.9039547e+01
   4.9039547e+01
   5.9512703e+01
   5.3916122e+01
   6.0530144e+01
   5.2898681e+01
   4.6480792e+01
   5.8998443e+01
   6.1710962e+01
   6.1710962e+01
   6.6055202e+01
   6.6055202e+01
   5.8540735e+01
   6.4347309e+01
   5.9571635e+01
   5.9571635e+01
   5.9571635e+01
   5.9571635e+01
   4.7414405e+01
   4.7414405e+01
   5.6423915e+01
   5.6423915e+01
   5.1359919e+01
   5.1359919e+01
   5.5353243e+01
   5.5353243e+01
   6.1468457e+01
   6.1468457e+01
   6.1828309e+01
   5.3102468e+01
   5.8538101e+01
   4.7374388e+01
   4.5913654e+01
   5.9998835e+01
   6.0120825e+01
   6.0120825e+01
   5.6710942e+01
   4.8376854e+01
   6.4453912e+01
   6.4453912e+01
   4.8241854e+01
   6.2210915e+01
   6.2709148e+01
   6.2709148e+01
   6.2709148e+01
   6.2709148e+01
   7.0131010e+01
   7.0131010e+01
   6.3504875e+01
   6.3504875e+01
   5.9436899e+01
   5.9436899e+01
   5.9436899e+01
   5.9436899e+01
   5.4361748e+01
   6.2936707e+01
   7.0309172e+01
   5.8840725e+01
   5.8220910e+01
   5.8220910e+01
   6.5003267e+01
   6.5003267e+01
   6.1129508e+01
   4.9742165e+01
   6.2626092e+01
   6.2626092e+01
   6.2170432e+01
   6.2170432e+01
   5.2524403e+01
   5.9258591e+01
   6.7568005e+01
   5.9754297e+01
   4.8000821e+01
   4.8000821e+01
   6.1379472e+01
   5.0282500e+01
   5.5830986e+01
   5.5830986e+01
   6.1651337e+01
   6.1651337e+01
   6.1651337e+01
   6.1651337e+01
   5.0401548e+01
   5.9139205e+01
   4.9951061e+01
   4.9951061e+01
   6.1722742e+01
   6.1722742e+01
   6.1722742e+01
   6.1722742e+01
   6.9840899e+01
   5.9211711e+01
   6.4526305e+01
   6.4526305e+01
   6.0445580e+01
   6.0445580e+01
   6.0445580e+01
   6.0445580e+01
   6.0445580e+01
   6.0445580e+01
   6.0445580e+01
   6.0445580e+01
   5.8305169e+01
   5.8305169e+01
   5.3287797e+01
   5.3287797e+01
   6.1726517e+01
   6.1726517e+01
   6.6150992e+01
   6.6150992e+01
   6.7047849e+01
   6.7047849e+01
   6.7047849e+01
   6.7047849e+01
   4.7494882e+01
   4.7494882e+01
   4.7535700e+01
   5.6777852e+01
   6.6108437e+01
   6.6108437e+01
   6.6108437e+01
   6.6108437e+01
   6.6108437e+01
   6.6108437e+01
   6.6108437e+01
   6.6108437e+01
   6.4903729e+01
   6.4903729e+01
   6.4903729e+01
   6.4903729e+01
   6.1260798e+01
   6.1260798e+01
   5.5793159e+01
   5.5793159e+01
   5.7642844e+01
   4.4459235e+01
   5.1051040e+01
   5.1051040e+01
   5.7646093e+01
   5.7646093e+01
   5.7646093e+01
   5.7646093e+01
   5.0416830e+01
   5.7094413e+01
   6.6154676e+01
   6.6154676e+01
   5.9955149e+01
   5.9955149e+01
   6.4185678e+01
   5.5724619e+01
   6.1250176e+01
   6.9555695e+01
   6.5402936e+01
   6.5402936e+01
   6.8692766e+01
   6.8692766e+01
   6.2113105e+01
   6.2113105e+01
   6.2978682e+01
   6.2978682e+01
   5.6697567e+01
   4.8250267e+01
   5.7726300e+01
   5.7726300e+01
   5.7726300e+01
   5.7726300e+01
   5.4045124e+01
   6.3347839e+01
   6.6700414e+01
   6.0148313e+01
   6.0096039e+01
   6.6077761e+01
   5.9033946e+01
   5.9033946e+01
   6.0339700e+01
   5.3370183e+01
   5.6854941e+01
   5.6854941e+01
   5.9240717e+01
   5.9240717e+01
   5.7611912e+01
   5.1326420e+01
   4.9693793e+01
   5.5843332e+01
   6.2882036e+01
   5.6406436e+01
   5.7207189e+01
   5.7207189e+01
   6.5354832e+01
   5.7609204e+01
   6.3272355e+01
   6.3272355e+01
   5.3315977e+01
   6.1877263e+01
   5.8049272e+01
   5.8049272e+01
   5.9954144e+01
   6.5685259e+01
   6.5306397e+01
   6.5306397e+01
   6.0055712e+01
   5.2697412e+01
   5.3143925e+01
   6.2656823e+01
   6.3782585e+01
   6.3782585e+01
   4.8897177e+01
   4.8897177e+01
   6.2349871e+01
   6.2349871e+01
   5.9894328e+01
   5.9894328e+01
   5.1352720e+01
   5.1352720e+01
   4.6292362e+01
   5.7946769e+01
   6.4175265e+01
   6.4175265e+01
   6.9524196e+01
   5.7946284e+01
   5.2559590e+01
   5.2559590e+01
   6.2854080e+01
   6.2854080e+01
   6.2854080e+01
   6.2854080e+01
   6.7000061e+01
   6.7000061e+01
   5.8708099e+01
   5.8708099e+01
   5.0939539e+01
   5.0939539e+01
   4.5564467e+01
   4.5564467e+01
   5.6551245e+01
   6.2281170e+01
   7.1792711e+01
   6.4080941e+01
   5.8310656e+01
   5.8310656e+01
   6.4238546e+01
   6.4238546e+01
   6.2433484e+01
   6.9075976e+01
   5.6794471e+01
   5.6794471e+01
   5.7589048e+01
   6.3895282e+01
   6.5040615e+01
   6.5040615e+01
   6.0640229e+01
   6.0640229e+01
   6.5142551e+01
   6.5142551e+01
   6.7287079e+01
   6.7287079e+01
   6.7287079e+01
   6.7287079e+01
   5.9753462e+01
   5.9753462e+01
   6.5850040e+01
   6.5850040e+01
   6.4142542e+01
   6.4142542e+01
   6.4142542e+01
   6.4142542e+01
   7.4961110e+01
   6.6514392e+01
   5.7547334e+01
   5.7547334e+01
   5.6103160e+01
   5.6103160e+01
   6.1488090e+01
   6.1488090e+01
   6.6911217e+01
   6.6911217e+01
   5.3109530e+01
   6.3248995e+01
   6.6447071e+01
   5.7054599e+01
   5.8472932e+01
   6.5028739e+01
   6.6180330e+01
   4.6393931e+01
   4.6867125e+01
   4.6867125e+01
   6.0843046e+01
   6.0843046e+01
   5.1998950e+01
   5.1998950e+01
   4.6853238e+01
   5.4793456e+01
   6.2018648e+01
   6.2018648e+01
   6.7557954e+01
   6.7557954e+01
   6.7557954e+01
   6.7557954e+01
   6.3061561e+01
   6.3061561e+01
   6.3061561e+01
   6.3061561e+01
   5.9939756e+01
   5.9939756e+01
   5.6902836e+01
   6.2976676e+01
   6.1173022e+01
   4.7370591e+01
   5.4271807e+01
   5.4271807e+01
   5.8696048e+01
   5.8696048e+01
   6.1535181e+01
   5.5856914e+01
   5.8056808e+01
   4.6512504e+01
   4.8600165e+01
   5.5969147e+01
   5.9557291e+01
   5.9557291e+01
   5.9557291e+01
   5.9557291e+01
   5.9557291e+01
   5.9557291e+01
   5.9557291e+01
   5.9557291e+01
   6.2936117e+01
   4.7649909e+01
   4.9358370e+01
   6.1227655e+01
   6.3532821e+01
   7.1606417e+01
   6.8261220e+01
   5.6253960e+01
   5.4782941e+01
   6.1028287e+01
   6.6413517e+01
   6.6413517e+01
   6.7850589e+01
   6.7850589e+01
   6.3932802e+01
   6.3932802e+01
   5.8395981e+01
   5.8395981e+01
   5.3951346e+01
   6.2840615e+01
   6.3804917e+01
   6.3804917e+01
   5.2987045e+01
   5.2987045e+01
   5.8543629e+01
   5.8543629e+01
   5.8543629e+01
   5.8543629e+01
   6.2064288e+01
   6.2064288e+01
   5.8845364e+01
   6.5283213e+01
   6.2413072e+01
   6.8422014e+01
   5.8236049e+01
   5.8236049e+01
   6.1826796e+01
   6.1826796e+01
   6.5310341e+01
   5.8343251e+01
   6.4974668e+01
   6.4974668e+01
   6.3229614e+01
   4.7253598e+01
   5.3516565e+01
   5.3516565e+01
   5.8891132e+01
   5.8891132e+01
   6.4919870e+01
   6.4919870e+01
   6.4919870e+01
   6.4919870e+01
   6.6301852e+01
   5.9744960e+01
   5.6534301e+01
   5.6534301e+01
   5.8260661e+01
   5.1600542e+01
   4.5398863e+01
   4.5398863e+01
   4.8356768e+01
   4.8356768e+01
   6.2578798e+01
   6.2578798e+01
   5.7844195e+01
   5.2181632e+01
   5.6579603e+01
   6.4069225e+01
   6.2240392e+01
   5.3096936e+01
   5.4443954e+01
   6.0893374e+01
   6.5556064e+01
   6.5556064e+01
   6.5556064e+01
   6.5556064e+01
   5.6740259e+01
   5.6740259e+01
   6.3515815e+01
   6.3515815e+01
   4.9380572e+01
   5.9520144e+01
   6.7995786e+01
   6.7995786e+01
   6.4880610e+01
   4.6913894e+01
   4.5454817e+01
   4.5454817e+01
   4.8953772e+01
   5.6063591e+01
   4.5991489e+01
   4.5991489e+01
   5.0299861e+01
   5.6274357e+01
   6.2648427e+01
   6.2648427e+01
   5.6551709e+01
   6.2792018e+01
   6.3947304e+01
   6.3947304e+01
   6.9082275e+01
   6.9082275e+01
   6.1338550e+01
   4.7735237e+01
   4.4386705e+01
   5.0555589e+01
   6.1867276e+01
   5.4096448e+01
   5.9031120e+01
   5.9031120e+01
   5.9031120e+01
   5.9031120e+01
   5.7245820e+01
   5.7245820e+01
   6.2578770e+01
   5.1912871e+01
   6.0694429e+01
   6.0694429e+01
   5.7045553e+01
   6.4343304e+01
   5.7212469e+01
   4.5668822e+01
   6.2803761e+01
   6.2803761e+01
   5.9095606e+01
   5.9095606e+01
   4.7351956e+01
   4.7351956e+01
   5.5766959e+01
   4.5512549e+01
   4.4784677e+01
   4.4784677e+01
   4.9147364e+01
   5.5441332e+01
   6.0110287e+01
   6.0110287e+01
   6.1965022e+01
   4.9514252e+01
   4.5667640e+01
   4.5667640e+01
   5.9211240e+01
   5.9211240e+01
   4.8195017e+01
   5.3831958e+01
   5.6361607e+01
   6.2672257e+01
   6.0795040e+01
   4.9412056e+01
   5.7310240e+01
   5.7310240e+01
   6.3795624e+01
   5.0824856e+01
   4.9789808e+01
   5.7863879e+01
   5.9117371e+01
   5.9117371e+01
   6.2587465e+01
   4.3721063e+01
   4.9619260e+01
   5.6689267e+01
   5.6693160e+01
   5.6693160e+01
   5.6693160e+01
   5.6693160e+01
   6.0031018e+01
   5.3355302e+01
   5.6693160e+01
   5.6693160e+01
   5.9613996e+01
   5.9613996e+01
   5.9613996e+01
   5.9613996e+01
   5.7185246e+01
   5.7185246e+01
   5.0781075e+01
   5.0781075e+01
   4.5518297e+01
   4.5518297e+01
   5.1003271e+01
   5.9216065e+01
   6.5386584e+01
   6.5386584e+01
   4.7822104e+01
   4.7822104e+01
   5.5665613e+01
   5.5665613e+01
   4.6759227e+01
   4.6759227e+01
   5.8347555e+01
   4.9860485e+01
   4.8320821e+01
   4.8320821e+01
   4.4310096e+01
   5.6636821e+01
   5.6953810e+01
   4.3993107e+01
   4.8826086e+01
   6.0080172e+01
   4.6493788e+01
   4.6493788e+01
   5.0009882e+01
   5.0009882e+01
   5.9037725e+01
   5.9037725e+01
   4.8323819e+01
   4.8323819e+01
   6.1273279e+01
   4.8073888e+01
   4.4469488e+01
   5.0904153e+01
   5.9940093e+01
   5.9940093e+01
   5.7822572e+01
   4.5716927e+01
   4.6741124e+01
   4.6741124e+01
   4.8877293e+01
   5.8776575e+01
   5.9375493e+01
   4.8278376e+01
   4.7306424e+01
   4.7306424e+01
   6.0347445e+01
   6.0347445e+01
   5.6680430e+01
   5.6680430e+01
   6.0719304e+01
   6.0719304e+01
   5.8699867e+01
   5.8699867e+01
   5.8699867e+01
   5.8699867e+01
   5.7463513e+01
   6.7247083e+01
   6.2059603e+01
   4.7982583e+01
   5.6237384e+01
   5.6237384e+01
   5.7925424e+01
   6.4352591e+01
   5.9947728e+01
   6.7326918e+01
   6.3637323e+01
   6.3637323e+01
   5.4970974e+01
   6.4159330e+01
   6.6887038e+01
   5.2243266e+01
   5.4782144e+01
   4.8653669e+01
   5.1717907e+01
   5.1717907e+01
   5.3516595e+01
   6.4477131e+01
   5.3869911e+01
   6.4123814e+01
   5.9917806e+01
   5.9917806e+01
   5.9917806e+01
   5.9917806e+01
   6.4911389e+01
   5.0690365e+01
   6.2034736e+01
   6.2034736e+01
   6.1916099e+01
   6.7948673e+01
   5.8485286e+01
   5.8485286e+01
   5.9464687e+01
   5.9464687e+01
   6.3952986e+01
   6.3952986e+01
   4.7118943e+01
   4.7118943e+01
   5.7007958e+01
   5.7007958e+01
   6.5096524e+01
   5.3118025e+01
   5.6165462e+01
   6.2049087e+01
   6.3283617e+01
   6.9726963e+01
   6.0797644e+01
   6.0797644e+01
   6.3651467e+01
   6.3651467e+01
   6.3651467e+01
   6.3651467e+01
   5.4332008e+01
   4.7497540e+01
   5.6700962e+01
   6.4024892e+01
   6.0080942e+01
   6.0080942e+01
   5.1196760e+01
   5.1196760e+01
   5.5654746e+01
   5.5654746e+01
   6.3607654e+01
   6.3607654e+01
   4.5519702e+01
   5.4872600e+01
   6.3240134e+01
   6.3240134e+01
   6.7867220e+01
   5.9088263e+01
   6.8075807e+01
   5.8879676e+01
   6.2918392e+01
   6.2918392e+01
   5.0930855e+01
   5.0930855e+01
   5.7412532e+01
   6.4882993e+01
   6.1147762e+01
   6.1147762e+01
   6.1147762e+01
   6.1147762e+01
   6.1147762e+01
   6.1147762e+01
   5.3688809e+01
   5.3688809e+01
   4.6681825e+01
   6.0695793e+01
   5.4921611e+01
   6.0670487e+01
   6.1461025e+01
   5.4131074e+01
   5.8586967e+01
   5.8586967e+01
   4.9088105e+01
   4.9088105e+01
   5.3497059e+01
   6.0271490e+01
   5.0790798e+01
   5.0790798e+01
   6.0533495e+01
   6.0533495e+01
   6.0533495e+01
   6.0533495e+01
   6.3956850e+01
   7.2522279e+01
   5.8515779e+01
   5.8515779e+01
   6.3097513e+01
   6.3097513e+01
   6.8063550e+01
   5.8131475e+01
   4.9778099e+01
   5.5918236e+01
   6.2492164e+01
   6.2492164e+01
   5.5090056e+01
   5.5090056e+01
   5.0168926e+01
   5.0168926e+01
   5.3704866e+01
   5.9936699e+01
   5.3352365e+01
   6.0289200e+01
   5.9887934e+01
   5.9887934e+01
   5.1302514e+01
   5.1302514e+01
   5.1948648e+01
   5.8211731e+01
   6.5038489e+01
   6.5038489e+01
   6.1667797e+01
   6.1667797e+01
   5.8800091e+01
   6.4535504e+01
   6.1667797e+01
   6.1667797e+01
   6.1667797e+01
   6.1667797e+01
   6.2387582e+01
   6.2387582e+01
   6.2387582e+01
   6.2387582e+01
   4.9678031e+01
   4.9678031e+01
   4.5593346e+01
   4.5593346e+01
   4.7374437e+01
   5.3279407e+01
   5.7028590e+01
   5.7028590e+01
   5.1832160e+01
   5.7727529e+01
   6.1579653e+01
   6.1579653e+01
   6.3850897e+01
   5.8102918e+01
   6.0976907e+01
   6.0976907e+01
   6.4515770e+01
   6.4515770e+01
   6.4515770e+01
   6.4515770e+01
   6.2260637e+01
   5.2046281e+01
   4.8907702e+01
   6.5399215e+01
   5.3050188e+01
   4.6052175e+01
   4.6420901e+01
   5.2681462e+01
   4.8473206e+01
   4.8473206e+01
   6.1511834e+01
   6.1511834e+01
   6.1796464e+01
   6.1796464e+01
   4.8188576e+01
   4.8188576e+01
   5.5325810e+01
   5.5325810e+01
   6.2724659e+01
   6.2724659e+01
   5.9025235e+01
   5.9025235e+01
   5.9025235e+01
   5.9025235e+01
   6.6200993e+01
   5.6363347e+01
   4.7542058e+01
   4.7542058e+01
   6.0797708e+01
   6.0797708e+01
   6.0797708e+01
   6.0797708e+01
   4.7306160e+01
   4.7306160e+01
   4.7306160e+01
   4.7306160e+01
   5.3231139e+01
   5.3231139e+01
   5.9871085e+01
   5.9871085e+01
   6.5095055e+01
   6.5095055e+01
   6.4927208e+01
   5.0639896e+01
   5.1434319e+01
   5.7395657e+01
   5.7490211e+01
   5.1339765e+01
   5.2177756e+01
   4.3486122e+01
   4.8143250e+01
   6.1196899e+01
   5.5327434e+01
   5.5327434e+01
   5.5327434e+01
   5.5327434e+01
   6.2891766e+01
   5.7193535e+01
   6.4901032e+01
   5.5184269e+01
   6.2294742e+01
   6.2294742e+01
   5.5409678e+01
   4.7507256e+01
   5.8484924e+01
   5.8484924e+01
   6.2527363e+01
   6.2527363e+01
   6.0506143e+01
   6.0506143e+01
   6.0506143e+01
   6.0506143e+01
   5.8247523e+01
   5.8247523e+01
   5.6261583e+01
   4.5628856e+01
   4.8652423e+01
   6.2948594e+01
   6.4075798e+01
   6.4075798e+01
   6.7357939e+01
   4.8177453e+01
   4.6742201e+01
   4.6742201e+01
   5.2360864e+01
   5.8562326e+01
   5.2515989e+01
   5.8407201e+01
   5.0024705e+01
   5.5726367e+01
   6.0618480e+01
   6.0618480e+01
   5.5537983e+01
   4.9113477e+01
   4.7059594e+01
   5.7591866e+01
   6.3943406e+01
   5.0148110e+01
   5.7391270e+01
   4.8297206e+01
   4.7706934e+01
   4.7706934e+01
   5.1081991e+01
   4.4331876e+01
   4.6830100e+01
   4.6830100e+01
   6.0689755e+01
   4.8332061e+01
   4.3030328e+01
   4.8673829e+01
   5.5488931e+01
   5.5488931e+01
   5.8170812e+01
   4.8061099e+01
   5.1512968e+01
   4.3414533e+01
   4.9444076e+01
   5.7335643e+01
   4.7189845e+01
   4.7189845e+01
   5.8364543e+01
   4.7357907e+01
   4.8727019e+01
   5.6995432e+01
   5.2161746e+01
   5.2161746e+01
   6.4034621e+01
   6.4034621e+01
   6.2942358e+01
   5.2366859e+01
   5.4413368e+01
   6.0895849e+01
   5.1193857e+01
   4.2968855e+01
   4.7081356e+01
   4.7081356e+01
   5.1658016e+01
   5.9481131e+01
   4.4627494e+01
   5.7834039e+01
   5.9481356e+01
   5.9481356e+01
   4.7318984e+01
   4.7318984e+01
   4.9223377e+01
   4.9223377e+01
   4.8457710e+01
   6.0212621e+01
   5.8216720e+01
   5.8216720e+01
   5.8216720e+01
   5.8216720e+01
   5.7091695e+01
   4.8594062e+01
   5.2842878e+01
   5.2842878e+01
   5.2468924e+01
   5.2468924e+01
   6.2016117e+01
   7.1098188e+01
   6.2359106e+01
   6.2359106e+01
   5.5562642e+01
   5.5562642e+01
   6.0867313e+01
   6.7193512e+01
   6.8743360e+01
   5.9317464e+01
   5.0868319e+01
   5.0868319e+01
   5.9018834e+01
   5.9018834e+01
   6.1273006e+01
   6.1273006e+01
   5.2609484e+01
   4.4618809e+01
   4.9261618e+01
   5.6735299e+01
   6.0584509e+01
   7.1246615e+01
   6.0805018e+01
   5.1826773e+01
   5.0421458e+01
   6.2210332e+01
   6.0619082e+01
   4.4926305e+01
   4.8850732e+01
   6.6461350e+01
   6.5874593e+01
   5.0988264e+01
   5.8431429e+01
   5.8431429e+01
   6.2731442e+01
   5.0056778e+01
   4.6340931e+01
   4.6340931e+01
   5.5252870e+01
   5.5252870e+01
   6.3507742e+01
   6.3507742e+01
   5.9754581e+01
   6.7542377e+01
   6.3648479e+01
   6.3648479e+01
   5.6290873e+01
   5.6290873e+01
   6.1227182e+01
   6.1227182e+01
   5.5341856e+01
   6.3836151e+01
   6.2778870e+01
   5.6399137e+01
   6.4908195e+01
   5.4269812e+01
   5.9589004e+01
   5.9589004e+01
   6.4202057e+01
   6.4202057e+01
   6.4202057e+01
   6.4202057e+01
   4.8967560e+01
   4.8967560e+01
   5.6539765e+01
   6.5566006e+01
   5.9384497e+01
   5.9384497e+01
   5.3170251e+01
   5.3170251e+01
   4.6005074e+01
   4.6005074e+01
   4.8843526e+01
   5.4417614e+01
   6.2014614e+01
   4.8781854e+01
   4.6482548e+01
   4.6482548e+01
   4.8974013e+01
   4.8974013e+01
   6.3540440e+01
   5.4495193e+01
   5.2776873e+01
   6.1900171e+01
   4.6544181e+01
   4.6544181e+01
   4.7538726e+01
   4.7538726e+01
   4.7538726e+01
   4.7538726e+01
   5.6501335e+01
   6.4946962e+01
   4.7183343e+01
   5.5846717e+01
   5.8823213e+01
   5.8823213e+01
   4.6749236e+01
   4.6749236e+01
   5.5229082e+01
   5.5229082e+01
   5.5229082e+01
   5.5229082e+01
   4.8230919e+01
   4.8230919e+01
   6.2227245e+01
   6.2227245e+01
   4.7294761e+01
   4.7294761e+01
   5.8825084e+01
   4.7600632e+01
   4.7638234e+01
   4.7638234e+01
   5.6245646e+01
   4.9493124e+01
   4.7250977e+01
   4.7250977e+01
   4.7250977e+01
   4.7250977e+01
   4.9190268e+01
   4.9190268e+01
   5.8062304e+01
   5.8062304e+01
   6.4487962e+01
   6.4487962e+01
   5.8304730e+01
   5.8304730e+01
   4.8061006e+01
   4.8061006e+01
   5.5762197e+01
   5.5762197e+01
   6.3222641e+01
   6.3222641e+01
   4.5384813e+01
   4.5384813e+01
   5.0646921e+01
   5.9227079e+01
   6.5087109e+01
   6.5087109e+01
   5.9218370e+01
   5.9218370e+01
   5.9218370e+01
   5.9218370e+01
   4.7893924e+01
   5.6925813e+01
   5.9962404e+01
   5.9962404e+01
   6.5302994e+01
   6.5302994e+01
   6.5302994e+01
   6.5302994e+01
   4.6097054e+01
   5.9734422e+01
   6.2607355e+01
   5.5836295e+01
   4.5977504e+01
   4.5977504e+01
   5.2613284e+01
   5.2613284e+01
   5.6406778e+01
   5.6406778e+01
   5.6406778e+01
   5.6406778e+01
   5.8030556e+01
   4.9101509e+01
   4.4890863e+01
   6.2241203e+01
   6.4165179e+01
   6.4165179e+01
   5.9161352e+01
   5.3393896e+01
   4.5766197e+01
   5.2307008e+01
   6.2922618e+01
   6.2922618e+01
   6.5825541e+01
   4.6949160e+01
   4.7328079e+01
   4.7328079e+01
   5.9768639e+01
   6.6901062e+01
   4.8808300e+01
   5.6011517e+01
   5.7872379e+01
   5.7872379e+01
   5.7872379e+01
   5.7872379e+01
   5.0482963e+01
   5.0482963e+01
   5.1921141e+01
   6.0025980e+01
   5.9465947e+01
   6.6539411e+01
   6.2890557e+01
   5.4786225e+01
   5.2751564e+01
   5.8960913e+01
   6.0637168e+01
   6.0637168e+01
   6.6624088e+01
   6.6624088e+01
   6.6624088e+01
   6.6624088e+01
   6.6406728e+01
   6.6406728e+01
   6.6406728e+01
   6.6406728e+01
   5.6173365e+01
   4.6270545e+01
   4.8044261e+01
   5.4399648e+01
   5.7286529e+01
   5.7286529e+01
   6.1544652e+01
   5.3028406e+01
   6.0531790e+01
   6.0531790e+01
   6.0343735e+01
   4.7738802e+01
   4.5884024e+01
   4.5884024e+01
   5.6741991e+01
   5.6741991e+01
   4.7709558e+01
   4.7709558e+01
   5.4916457e+01
   5.4916457e+01
   5.9660026e+01
   5.9660026e+01
   5.7410148e+01
   4.7815639e+01
   4.4309742e+01
   4.4309742e+01
   5.3124585e+01
   6.1211887e+01
   5.6215452e+01
   5.6215452e+01
   5.6215452e+01
   5.6215452e+01
   6.1906117e+01
   5.0524787e+01
   5.6215452e+01
   5.6215452e+01
   5.6034422e+01
   5.6034422e+01
   5.6034422e+01
   5.6034422e+01
   6.6056350e+01
   5.8636858e+01
   5.8763592e+01
   6.5929615e+01
   6.0600116e+01
   6.0600116e+01
   5.2844181e+01
   5.2844181e+01
   5.3577529e+01
   5.9866768e+01
   5.6722149e+01
   5.6722149e+01
   6.1137573e+01
   7.0147042e+01
   5.7687725e+01
   5.7687725e+01
   5.3986382e+01
   5.3986382e+01
   5.8992615e+01
   5.8992615e+01
   6.2415151e+01
   6.2415151e+01
   6.2415151e+01
   6.2415151e+01
   5.1425422e+01
   5.1425422e+01
   5.1425422e+01
   5.1425422e+01
   5.8608372e+01
   5.8608372e+01
   5.2851355e+01
   6.4365390e+01
   6.1665267e+01
   5.4517979e+01
   4.6368719e+01
   4.6368719e+01
   4.9813879e+01
   4.9813879e+01
   5.4745734e+01
   5.4745734e+01
   5.3256649e+01
   5.9549602e+01
   5.2134772e+01
   4.4178205e+01
   5.7047081e+01
   5.7047081e+01
   5.7047081e+01
   5.7047081e+01
   6.5065828e+01
   6.5065828e+01
   6.2783647e+01
   5.5025977e+01
   5.7138800e+01
   6.3150577e+01
   6.4106739e+01
   6.4106739e+01
   5.0996064e+01
   5.0996064e+01
   5.5993873e+01
   4.5998254e+01
   4.6605347e+01
   5.7286437e+01
   4.6732515e+01
   5.7159268e+01
   4.4445499e+01
   5.9446284e+01
   5.6770662e+01
   4.7121121e+01
   5.2228296e+01
   5.2228296e+01
   6.4237046e+01
   5.3421422e+01
   5.0289561e+01
   5.6303035e+01
   5.7761232e+01
   5.7761232e+01
   6.0946323e+01
   6.6683977e+01
   5.9009500e+01
   5.9009500e+01
   5.4819130e+01
   5.4819130e+01
   5.4819130e+01
   5.4819130e+01
   5.5892055e+01
   5.5892055e+01
   6.1275526e+01
   5.0508584e+01
   6.5097677e+01
   5.2297313e+01
   5.4106779e+01
   6.3288211e+01
   6.0270079e+01
   6.0270079e+01
   5.2852093e+01
   5.2852093e+01
   5.6561086e+01
   5.6561086e+01
   5.3301304e+01
   5.9820869e+01
   6.6309327e+01
   6.6309327e+01
   6.6309327e+01
   6.6309327e+01
   5.8230889e+01
   5.8230889e+01
   6.3781720e+01
   6.3781720e+01
   6.5103558e+01
   6.5103558e+01
   6.5103558e+01
   6.5103558e+01
   5.5425106e+01
   5.5425106e+01
   6.2427469e+01
   6.2427469e+01
   6.3723983e+01
   6.3723983e+01
   4.8367675e+01
   4.8367675e+01
   6.2137335e+01
   6.8596792e+01
   6.8451192e+01
   6.2282934e+01
   5.2491453e+01
   5.2491453e+01
   4.4800585e+01
   5.1356498e+01
   5.6825589e+01
   4.9862405e+01
   5.8284734e+01
   5.8284734e+01
   6.2085168e+01
   6.2085168e+01
   4.5598505e+01
   6.2111387e+01
   6.6063880e+01
   5.6012674e+01
   6.1038277e+01
   6.1038277e+01
   6.5341210e+01
   5.6308844e+01
   5.4465233e+01
   5.4465233e+01
   4.4672753e+01
   5.6194705e+01
   6.4856531e+01
   6.4856531e+01
   5.7790396e+01
   5.7790396e+01
   5.3441514e+01
   5.3441514e+01
   6.3779210e+01
   6.3779210e+01
   4.8733069e+01
   5.7859381e+01
   5.7470475e+01
   5.7470475e+01
   6.4544085e+01
   5.0396865e+01
   6.0749540e+01
   6.0749540e+01
   5.1225739e+01
   5.7157082e+01
   6.4818161e+01
   6.4818161e+01
   5.4690905e+01
   5.4690905e+01
   5.2370133e+01
   5.2370133e+01
   5.2370133e+01
   5.2370133e+01
   5.5505550e+01
   6.2869459e+01
   5.9187504e+01
   5.9187504e+01
   5.9187504e+01
   5.9187504e+01
   5.9187504e+01
   5.9187504e+01
   5.8098831e+01
   5.8098831e+01
   5.8098831e+01
   5.8098831e+01
   6.2833521e+01
   6.2833521e+01
   5.3364140e+01
   5.3364140e+01
   4.7830477e+01
   4.7830477e+01
   5.7129023e+01
   5.7129023e+01
   5.8826480e+01
   5.2618333e+01
   4.9226852e+01
   6.2217961e+01
   6.2573088e+01
   6.2573088e+01
   6.2573088e+01
   6.2573088e+01
   6.6352022e+01
   4.5073500e+01
   4.9818208e+01
   6.1607313e+01
   6.4782530e+01
   6.4782530e+01
   5.9110668e+01
   5.9110668e+01
   6.1946599e+01
   6.1946599e+01
   6.7827227e+01
   5.6065971e+01
   5.0135748e+01
   5.0135748e+01
   5.5267367e+01
   5.5267367e+01
   5.8691295e+01
   6.6622937e+01
   5.5551142e+01
   4.9687939e+01
   5.2793036e+01
   5.2793036e+01
   6.2078019e+01
   6.2078019e+01
   5.7435528e+01
   5.7435528e+01
   5.7435528e+01
   5.7435528e+01
   4.5771215e+01
   4.5771215e+01
   4.9319099e+01
   5.6141242e+01
   5.9919152e+01
   5.9919152e+01
   6.6004817e+01
   6.6004817e+01
   6.1692922e+01
   4.5594054e+01
   5.3643488e+01
   5.3643488e+01
   4.9103650e+01
   5.6008239e+01
   6.3071931e+01
   6.3071931e+01
   5.9898711e+01
   5.9898711e+01
   6.4886825e+01
   5.4910597e+01
   4.8229527e+01
   5.4586767e+01
   5.1408147e+01
   5.1408147e+01
   5.1607490e+01
   5.7895637e+01
   5.2578664e+01
   4.6687231e+01
   4.8914716e+01
   5.5469795e+01
   4.5894337e+01
   5.8490174e+01
   5.8431558e+01
   5.8431558e+01
   6.3068342e+01
   6.3068342e+01
   6.5922465e+01
   6.5922465e+01
   5.0168818e+01
   6.0986052e+01
   5.6842691e+01
   4.7346247e+01
   5.9875598e+01
   6.6512724e+01
   6.1024541e+01
   5.4264088e+01
   5.7644315e+01
   5.7644315e+01
   5.3175599e+01
   6.3201787e+01
   5.8188693e+01
   5.8188693e+01
   6.4297994e+01
   6.4297994e+01
   6.4297994e+01
   6.4297994e+01
   5.7693510e+01
   4.8174944e+01
   4.7554621e+01
   4.7554621e+01
   6.6364338e+01
   6.6364338e+01
   6.6364338e+01
   6.6364338e+01
   5.6789561e+01
   4.8092828e+01
   4.7140885e+01
   4.7140885e+01
   5.7046821e+01
   5.7046821e+01
   5.7046821e+01
   5.7046821e+01
   6.2652712e+01
   6.2652712e+01
   5.0514075e+01
   5.0514075e+01
   6.3491474e+01
   4.8373848e+01
   4.7665876e+01
   4.7665876e+01
   6.2171655e+01
   6.8422107e+01
   6.3605160e+01
   5.4609310e+01
   5.3826439e+01
   6.4503996e+01
   6.3308263e+01
   5.5022172e+01
   5.2174008e+01
   5.2174008e+01
   6.6547897e+01
   6.6547897e+01
   5.7093336e+01
   5.7093336e+01
   6.5225476e+01
   5.8031660e+01
   6.3127502e+01
   6.3127502e+01
   6.3127502e+01
   6.3127502e+01
   5.1976984e+01
   6.3888741e+01
   5.7932862e+01
   5.7932862e+01
   4.7629651e+01
   4.7629651e+01
   4.8786128e+01
   5.8019003e+01
   4.8124184e+01
   4.8124184e+01
   5.5790863e+01
   5.0025199e+01
   5.4388317e+01
   5.4388317e+01
   6.1850857e+01
   5.5782571e+01
   6.2714919e+01
   6.2714919e+01
   5.8217170e+01
   5.8217170e+01
   6.6152286e+01
   6.6152286e+01
   5.2115254e+01
   5.2115254e+01
   5.0062633e+01
   5.0062633e+01
   5.8716756e+01
   6.5929285e+01
   6.2283084e+01
   6.2283084e+01
   6.2283084e+01
   6.2283084e+01
   6.3808887e+01
   5.4299647e+01
   6.2892006e+01
   5.5216527e+01
   6.0875829e+01
   6.0875829e+01
   6.0875829e+01
   6.0875829e+01
   4.7762872e+01
   4.7762872e+01
   5.7017890e+01
   5.7017890e+01
   4.7175314e+01
   5.7254231e+01
   6.3119548e+01
   6.3119548e+01
   6.1276550e+01
   6.1276550e+01
   6.1276550e+01
   6.1276550e+01
   5.8906860e+01
   5.8906860e+01
   6.3927399e+01
   5.3886320e+01
   5.8236398e+01
   6.6657285e+01
   6.2446842e+01
   6.2446842e+01
   5.8763924e+01
   5.8763924e+01
   5.3228303e+01
   5.3228303e+01
   5.5996113e+01
   5.5996113e+01
   5.5996113e+01
   5.5996113e+01
   5.9937014e+01
   5.9937014e+01
   5.9937014e+01
   5.9937014e+01
   5.6620035e+01
   6.3253992e+01
   5.9937014e+01
   5.9937014e+01
   6.5754315e+01
   6.5754315e+01
   6.5754315e+01
   6.5754315e+01
   5.9500345e+01
   5.9500345e+01
   5.3086712e+01
   5.3086712e+01
   6.6056621e+01
   6.6056621e+01
   6.6056621e+01
   6.6056621e+01
   7.0199774e+01
   5.6545341e+01
   5.5040921e+01
   5.5040921e+01
   6.3064407e+01
   6.3064407e+01
   5.9081440e+01
   5.9081440e+01
   6.6692622e+01
   6.6692622e+01
   6.2660548e+01
   6.2660548e+01
   5.9818227e+01
   5.9818227e+01
   6.3741589e+01
   6.3741589e+01
   6.8608393e+01
   6.8608393e+01
   6.2486777e+01
   6.2486777e+01
   5.5197111e+01
   4.5205881e+01
   4.7409601e+01
   6.1912331e+01
   5.6432431e+01
   5.6432431e+01
   6.3345355e+01
   6.3345355e+01
   6.3885245e+01
   7.0800384e+01
   5.7808177e+01
   6.7681949e+01
   6.5043939e+01
   6.5043939e+01
   6.5043939e+01
   6.5043939e+01
   7.3273847e+01
   7.3273847e+01
   7.3732756e+01
   5.9879850e+01
   5.8229331e+01
   6.6510737e+01
   6.2370034e+01
   6.2370034e+01
   7.3983667e+01
   6.6591052e+01
   6.4639741e+01
   6.4639741e+01
   5.8888587e+01
   6.5576135e+01
   6.6869370e+01
   6.6869370e+01
   6.8746873e+01
   6.8746873e+01
   6.2092375e+01
   6.2092375e+01
   6.5419624e+01
   6.5419624e+01
   6.9269244e+01
   6.1570003e+01
   5.5473448e+01
   4.7385872e+01
   5.4977564e+01
   6.4393039e+01
   6.7879607e+01
   6.7879607e+01
   5.9956897e+01
   5.9956897e+01
   6.3474542e+01
   6.3474542e+01
   6.3474542e+01
   6.3474542e+01
   6.2316298e+01
   5.0954128e+01
   6.2164078e+01
   6.2164078e+01
   5.8068718e+01
   5.8068718e+01
   6.0311276e+01
   6.8560179e+01
   6.3725663e+01
   6.3725663e+01
   5.5219318e+01
   6.2338247e+01
   6.8366054e+01
   5.6243586e+01
   6.3940973e+01
   7.0057966e+01
   6.1728742e+01
   6.1728742e+01
   6.7575547e+01
   6.7575547e+01
   5.9704084e+01
   5.0078895e+01
   4.5712669e+01
   5.5934474e+01
   6.1048193e+01
   6.1048193e+01
   5.6229234e+01
   5.6229234e+01
   6.0125615e+01
   6.6795594e+01
   5.4438941e+01
   6.2006655e+01
   6.4380972e+01
   6.4380972e+01
   6.7718259e+01
   6.1043685e+01
   6.5223987e+01
   6.5223987e+01
   6.5223987e+01
   6.5223987e+01
   6.6808150e+01
   7.2685790e+01
   7.3839105e+01
   6.5654834e+01
   5.9884063e+01
   5.9884063e+01
   6.4212127e+01
   6.4212127e+01
   6.4010327e+01
   6.4010327e+01
   5.6484035e+01
   6.3687694e+01
   6.3493681e+01
   6.3493681e+01
   6.3493681e+01
   6.3493681e+01
   6.3493681e+01
   6.3493681e+01
   6.3493681e+01
   6.3493681e+01
   6.5073843e+01
   6.5073843e+01
   5.9193104e+01
   5.9193104e+01
   6.5038208e+01
   6.5038208e+01
   6.2541412e+01
   5.5916066e+01
   5.6090735e+01
   5.6090735e+01
   6.0972668e+01
   6.6512445e+01
   6.6612418e+01
   6.6612418e+01
   6.6612418e+01
   6.6612418e+01
   7.1280923e+01
   7.1280923e+01
   7.1280923e+01
   7.1280923e+01
   6.2902947e+01
   5.7326144e+01
   6.0114545e+01
   6.0114545e+01
   6.5669322e+01
   6.5669322e+01
   6.5669322e+01
   6.5669322e+01
   4.9629925e+01
   6.6434586e+01
   6.5499936e+01
   6.5499936e+01
   6.0576653e+01
   6.0576653e+01
   6.0576653e+01
   6.0576653e+01
   5.7517675e+01
   5.7517675e+01
   5.7517675e+01
   5.7517675e+01
   6.4259289e+01
   7.0405832e+01
   7.0115749e+01
   6.4549372e+01
   6.7332560e+01
   6.7332560e+01
   6.4277846e+01
   7.0387275e+01
   6.1924113e+01
   6.1924113e+01
   6.6153472e+01
   5.7694754e+01
   5.7333942e+01
   5.7333942e+01
   6.6514285e+01
   6.6514285e+01
   6.7957123e+01
   7.3917099e+01
   7.3768545e+01
   6.8105676e+01
   6.7527664e+01
   6.7527664e+01
   6.7527664e+01
   6.7527664e+01
   6.3137726e+01
   6.3137726e+01
   6.3137726e+01
   6.3137726e+01
   6.6030160e+01
   6.6030160e+01
   7.0272691e+01
   7.0272691e+01
   6.6249090e+01
   5.8522521e+01
   5.7177886e+01
   5.7177886e+01
   6.6035402e+01
   6.6035402e+01
   6.3154941e+01
   6.8915862e+01
   6.3847584e+01
   6.3847584e+01
   6.7767203e+01
   6.7767203e+01
   6.2239244e+01
   5.6201174e+01
   6.2262904e+01
   6.7845244e+01
   6.4691255e+01
   5.7578498e+01
   4.9075720e+01
   4.9075720e+01
   6.0321378e+01
   6.0321378e+01
   4.9889218e+01
   4.9889218e+01
   5.0804117e+01
   5.0804117e+01
   5.1022786e+01
   6.0428191e+01
   6.8501559e+01
   6.2265423e+01
   6.1131541e+01
   6.1131541e+01
   5.6803546e+01
   5.6803546e+01
   5.6803546e+01
   5.6803546e+01
   5.7593901e+01
   4.8852109e+01
   4.5964885e+01
   4.5964885e+01
   5.3195302e+01
   6.0204422e+01
   5.6699862e+01
   5.6699862e+01
   6.7373978e+01
   6.7373978e+01
   5.9518087e+01
   6.6864393e+01
   6.8878852e+01
   6.2752253e+01
   5.7022706e+01
   5.7022706e+01
   6.4282112e+01
   6.4282112e+01
   5.8556147e+01
   5.8556147e+01
   4.9910276e+01
   4.9910276e+01
   6.2396829e+01
   6.2396829e+01
   6.1540808e+01
   5.0766297e+01
   5.6153553e+01
   5.6153553e+01
   6.1382623e+01
   6.1382623e+01
   5.7019018e+01
   5.7019018e+01
   5.9589979e+01
   6.5407290e+01
   6.6036220e+01
   5.8961050e+01
   4.6440555e+01
   4.6440555e+01
   4.8322754e+01
   5.8159536e+01
   6.4487745e+01
   4.9506872e+01
   5.6997309e+01
   5.6997309e+01
   6.1129246e+01
   4.4602465e+01
   5.8338012e+01
   4.7393698e+01
   4.8405483e+01
   4.8405483e+01
   5.7326227e+01
   5.7326227e+01
   5.6498621e+01
   6.5166096e+01
   6.0832359e+01
   6.0832359e+01
   5.0338700e+01
   5.0338700e+01
   5.9169521e+01
   6.8527677e+01
   6.1112203e+01
   6.1112203e+01
   5.6798077e+01
   4.8069297e+01
   4.5731906e+01
   5.6076137e+01
   4.7524750e+01
   5.4283293e+01
   6.2512700e+01
   6.2512700e+01
   7.2735860e+01
   6.5645052e+01
   6.2201079e+01
   5.4909129e+01
   5.0149187e+01
   5.0149187e+01
   5.4492848e+01
   5.4492848e+01
   6.1986142e+01
   6.7668407e+01
   5.9660061e+01
   5.9660061e+01
   6.3917805e+01
   5.5402317e+01
   5.3829770e+01
   5.3829770e+01
   6.2294552e+01
   6.2294552e+01
   5.9825304e+01
   4.7710927e+01
   5.3768115e+01
   5.3768115e+01
   5.0008268e+01
   6.3744819e+01
   6.7559558e+01
   6.7559558e+01
   4.8224883e+01
   4.8224883e+01
   4.8224883e+01
   4.8224883e+01
   6.3657293e+01
   6.3657293e+01
   6.3657293e+01
   6.3657293e+01
   5.7252200e+01
   6.4073785e+01
   6.6651593e+01
   6.6651593e+01
   6.6074212e+01
   6.6074212e+01
   5.8433890e+01
   5.8433890e+01
   5.8239954e+01
   5.8239954e+01
   6.6268148e+01
   6.6268148e+01
   5.8109384e+01
   5.8109384e+01
   6.0314026e+01
   6.6245180e+01
   6.6533752e+01
   6.6533752e+01
   7.0739472e+01
   6.2328032e+01
   6.0590536e+01
   6.0590536e+01
   4.9710775e+01
   4.2786484e+01
   4.8999738e+01
   5.7839428e+01
   5.3419583e+01
   5.3419583e+01
   4.5687300e+01
   4.5687300e+01
   5.1512230e+01
   5.1512230e+01
   5.7830615e+01
   5.7830615e+01
   5.1982269e+01
   5.1982269e+01
   5.2654632e+01
   5.2654632e+01
   5.8377914e+01
   5.8377914e+01
   5.8949317e+01
   5.8949317e+01
   5.2083229e+01
   5.2083229e+01
