49.241038
46.963880
56.076973
53.471958
50.941354
53.319509
60.578654
55.681091
57.524898
59.044416
56.734208
49.446227
57.409532
57.538949
46.557767
47.387900
57.484752
59.105638
58.344817
59.510225
55.302494
51.584827
56.246255
58.567229
51.286243
52.780761
59.451450
62.159575
59.763695
58.633901
61.080744
47.989656
49.554794
53.688968
48.361075
52.986417
47.242670
48.581420
53.690529
57.562367
53.655402
62.741526
60.713203
59.536202
61.380318
66.208432
62.641432
57.200447
59.034380
65.983615
63.848427
51.578972
45.525322
48.869466
59.006911
62.372502
60.527494
57.596430
59.279715
48.372997
56.766143
48.715732
46.775864
51.394636
54.274152
62.279104
64.487516
55.508404
46.918716
44.792225
48.003412
53.992914
49.227041
43.818313
48.839711
61.891069
62.723777
50.897137
61.655073
58.512484
63.081298
66.461350
63.257716
59.267225
49.013283
45.458970
57.848072
61.464454
65.574128
57.638785
54.765544
60.994224
65.337268
62.815890
55.373084
52.222978
59.084000
62.404683
66.556042
64.082043
54.836697
57.257928
59.371969
60.319045
61.404345
48.888405
47.756956
55.675515
60.010652
55.575938
60.886104
62.477884
55.557754
49.178589
44.401240
48.211308
56.225484
48.754792
45.124608
44.452335
44.108001
49.100068
57.301420
64.970380
61.924876
46.106351
51.145732
56.988001
57.946429
48.031088
46.713273
54.816563
62.614627
54.372450
47.555922
53.220665
59.126715
58.467878
48.988487
44.963281
43.921164
50.560273
57.665408
62.764174
61.794931
55.298591
61.766370
59.073230
49.371790
63.153955
48.307425
49.459609
56.421254
49.534548
61.548336
67.453704
65.289367
52.059049
49.427675
54.965057
67.252891
61.357522
48.438568
49.472383
61.504050
55.907469
58.706940
51.075477
46.480792
58.998443
61.443127
61.978797
67.385760
64.724643
58.540735
64.347309
60.438790
57.047163
59.563337
61.237251
49.818691
45.010118
54.880963
57.966867
50.382962
52.336876
53.243526
57.462959
59.232241
63.704673
61.828309
53.102468
57.042318
45.878605
47.409437
61.494618
60.911195
59.330455
56.710942
48.376854
