1340.397
1340.403
1340.410
1340.424
1340.427
1340.431
1340.436
1340.466
1340.484
1340.488
1340.492
1340.507
1340.521
1340.527
1340.535
1340.543
1340.557
1340.569
1340.575
1340.586
1340.592
1340.596
1340.607
1340.610
1340.617
1340.622
1340.626
1340.629
1340.633
1340.642
1340.656
1340.680
1340.689
1340.699
1340.703
1340.706
1340.710
1340.719
1340.728
1340.731
1340.737
1340.749
1340.761
1340.769
1340.773
1340.794
1340.797
1340.812
1340.815
1340.829
1340.836
1340.869
1340.873
1340.881
1340.888
1340.894
1340.897
1340.902
1340.905
1340.911
1340.916
1340.927
1340.933
1340.939
1340.951
1340.962
1340.968
1340.975
1340.989
1340.993
1341.000
1341.015
1341.021
1341.031
1341.055
1341.061
1341.067
1341.072
1341.077
1341.088
1341.095
1341.101
1341.115
1341.119
1341.130
1341.136
1341.148
1341.151
1341.162
1341.173
1341.186
1341.193
1341.197
1341.200
1341.212
1341.224
1341.232
1341.273
1341.284
1341.299
1341.304
1341.318
1341.321
1341.328
1341.335
1341.369
1341.385
1341.390
1341.397
1341.405
1341.416
1341.425
1341.445
1341.453
1341.457
1341.463
1341.486
1341.501
1341.521
1341.530
1341.538
1341.545
1341.568
1341.575
1341.581
1341.585
1341.598
1341.602
1341.614
1341.621
1341.625
1341.629
1341.637
1341.660
1341.669
1341.679
1341.703
1341.713
1341.728
1341.740
1341.746
1341.754
1341.758
1341.761
1341.767
1341.773
1341.779
1341.789
1341.799
1341.804
1341.809
1341.814
1341.818
1341.822
1341.827
1341.836
1341.841
1341.856
1341.863
1341.870
1341.874
1341.884
1341.895
1341.900
1341.907
1341.926
1341.932
1341.943
1341.946
1341.951
1341.972
1341.979
1341.996
1342.002
1342.010
1342.019
1342.034
1342.063
1342.067
1342.084
1342.097
1342.103
1342.107
1342.115
1342.119
1342.140
1342.155
1342.173
1342.190
1342.222
1342.229
1342.242
1342.250
1342.260
1342.272
1342.286
1342.294
1342.299
1342.305
1342.314
